#Xcm		Ycm		Zcm		FXcm		FYcm		FZcm
1.257875e-05	-7.549414e-08	1.445484e-08	-1.522542e-12	9.303317e-15	9.081007e-15
#Xce		Yce		Zce		FXce		FYce		FZce
1.405781e-05	-2.082500e-07	-4.715303e-06	7.321454e-16	4.179293e-16	1.839928e-16
1.494723e-05	-2.083942e-07	-4.321056e-06	-7.244131e-16	4.354005e-16	-3.737370e-16
1.574308e-05	-2.085400e-07	-3.760666e-06	-3.466615e-15	5.081974e-16	7.807849e-16
1.641087e-05	-1.938203e-07	-3.063785e-06	-7.291729e-15	5.590776e-16	2.402742e-15
1.693459e-05	-1.898155e-07	-2.241127e-06	-1.198432e-14	6.586284e-16	3.427016e-15
1.728704e-05	-1.849904e-07	-1.333974e-06	-1.601884e-14	7.212880e-16	3.008461e-15
1.745586e-05	-1.813182e-07	-3.743710e-07	-1.826542e-14	7.357925e-16	1.312159e-15
1.743367e-05	-1.811000e-07	5.999609e-07	-1.829449e-14	7.354430e-16	-8.746787e-16
1.722185e-05	-1.832935e-07	1.549733e-06	-1.601907e-14	7.109832e-16	-2.619802e-15
1.683080e-05	-1.755436e-07	2.439698e-06	-1.125327e-14	5.206073e-16	-2.968558e-15
1.626777e-05	-1.756515e-07	3.242468e-06	-6.654287e-15	4.059870e-16	-2.083908e-15
1.555588e-05	-1.792934e-07	3.920238e-06	-2.947682e-15	3.452027e-16	-5.953492e-16
1.473331e-05	-2.085575e-07	4.435368e-06	-6.904232e-16	3.999272e-16	3.351505e-16
1.383924e-05	-2.125094e-07	4.780733e-06	6.625370e-16	3.919113e-16	-2.458270e-16
1.286345e-05	-1.897782e-07	4.955691e-06	1.481680e-15	3.580669e-16	-1.994555e-15
1.310763e-05	2.083714e-07	4.928629e-06	1.612813e-15	-4.434992e-16	-2.193640e-15
1.405712e-05	2.084612e-07	4.715477e-06	6.670829e-16	-3.857748e-16	-2.260438e-16
1.494707e-05	2.085479e-07	4.321116e-06	-7.136681e-16	-4.049898e-16	3.193169e-16
1.574073e-05	1.975979e-07	3.764908e-06	-3.278306e-15	-4.622428e-16	-7.345123e-16
1.641194e-05	1.909332e-07	3.063203e-06	-7.203010e-15	-5.501903e-16	-2.369254e-15
1.693661e-05	1.864450e-07	2.238469e-06	-1.186773e-14	-6.401237e-16	-3.312649e-15
1.728963e-05	1.855442e-07	1.325256e-06	-1.618035e-14	-7.375610e-16	-2.881158e-15
1.745597e-05	1.865898e-07	3.655838e-07	-1.883149e-14	-8.138726e-16	-1.177650e-15
1.743099e-05	1.916239e-07	-6.113480e-07	-1.930890e-14	-8.917017e-16	1.079995e-15
1.721548e-05	2.085578e-07	-1.557050e-06	-1.811432e-14	-1.072475e-15	3.085137e-15
1.682111e-05	2.085572e-07	-2.447077e-06	-1.328457e-14	-9.030097e-16	3.540109e-15
1.626352e-05	1.961886e-07	-3.242794e-06	-7.454792e-15	-5.876804e-16	2.329248e-15
1.555477e-05	1.955673e-07	-3.917959e-06	-3.230322e-15	-4.273357e-16	6.628273e-16
1.472479e-05	1.956523e-07	-4.442279e-06	-6.442374e-16	-3.657422e-16	-3.408741e-16
1.383889e-05	2.121283e-07	-4.780916e-06	6.780629e-16	-3.930816e-16	2.403651e-16
1.286251e-05	1.900810e-07	-4.955734e-06	1.473621e-15	-3.663565e-16	1.995264e-15
1.311492e-05	-1.982168e-07	-4.929575e-06	1.535228e-15	3.935858e-16	2.063134e-15
1.449548e-05	-6.250385e-07	-4.509547e-06	5.466387e-17	8.498799e-16	-1.476676e-16
1.513520e-05	-6.253284e-07	-4.167977e-06	-1.959082e-15	9.105274e-16	2.142264e-16
1.589388e-05	-6.109003e-07	-3.582001e-06	-5.055735e-15	1.061422e-15	1.669091e-15
1.652149e-05	-5.774562e-07	-2.866395e-06	-9.531516e-15	1.384255e-15	3.121176e-15
1.700616e-05	-5.646214e-07	-2.026190e-06	-1.388463e-14	1.656024e-15	3.388939e-15
1.731630e-05	-5.512990e-07	-1.110193e-06	-1.717963e-14	1.866026e-15	2.259361e-15
1.744146e-05	-5.437364e-07	-1.488178e-07	-1.837758e-14	1.935427e-15	2.087439e-16
1.737557e-05	-5.454936e-07	8.174569e-07	-1.713575e-14	1.848004e-15	-1.868672e-15
1.712447e-05	-5.421306e-07	1.749057e-06	-1.341943e-14	1.554634e-15	-3.018943e-15
1.669458e-05	-5.267386e-07	2.619501e-06	-9.056474e-15	1.252129e-15	-2.789701e-15
1.608831e-05	-5.305963e-07	3.402008e-06	-4.792582e-15	9.428404e-16	-1.452438e-15
1.534278e-05	-5.671443e-07	4.041003e-06	-1.718919e-15	7.793357e-16	-1.348425e-16
1.451584e-05	-6.296244e-07	4.501414e-06	1.608328e-17	7.290499e-16	4.467475e-17
1.360981e-05	-6.147969e-07	4.803522e-06	1.051527e-15	8.264649e-16	-1.310161e-15
1.250065e-05	-3.986621e-07	4.956379e-06	1.994336e-15	8.666731e-16	-3.236688e-15
1.214068e-05	-2.095610e-07	4.953340e-06	2.820447e-15	5.036040e-16	-4.228928e-15
1.213944e-05	2.075571e-07	4.953330e-06	2.719298e-15	-4.950868e-16	-4.243088e-15
1.237956e-05	6.248397e-07	4.929983e-06	2.006562e-15	-9.237062e-16	-3.417942e-15
1.334025e-05	6.252039e-07	4.859099e-06	1.027252e-15	-8.030560e-16	-1.269440e-15
1.427128e-05	6.254703e-07	4.602016e-06	1.246032e-17	-7.659157e-16	6.702788e-17
1.513258e-05	6.146937e-07	4.172299e-06	-1.845424e-15	-8.373984e-16	-2.323122e-16
1.589031e-05	5.861290e-07	3.589852e-06	-5.017119e-15	-1.046626e-15	-1.657134e-15
1.652570e-05	5.683115e-07	2.862511e-06	-9.535398e-15	-1.386854e-15	-3.093836e-15
1.701284e-05	5.584342e-07	2.012088e-06	-1.425476e-14	-1.722332e-15	-3.437725e-15
1.732162e-05	5.576782e-07	1.083898e-06	-1.751234e-14	-1.913427e-15	-2.285602e-15
1.743900e-05	5.648036e-07	1.197828e-07	-1.936801e-14	-2.092354e-15	-2.595876e-16
1.736382e-05	5.918056e-07	-8.476198e-07	-1.847648e-14	-2.080665e-15	1.890788e-15
1.710202e-05	6.256727e-07	-1.771138e-06	-1.562382e-14	-1.979851e-15	3.393281e-15
1.667091e-05	6.133030e-07	-2.634646e-06	-1.005728e-14	-1.493165e-15	3.051982e-15
1.607866e-05	5.879445e-07	-3.400431e-06	-5.241840e-15	-1.095150e-15	1.589650e-15
1.533198e-05	5.867869e-07	-4.043396e-06	-1.819386e-15	-8.372944e-16	1.493919e-16
1.449838e-05	6.034329e-07	-4.515447e-06	3.970659e-17	-6.730098e-16	-5.667679e-17
1.360811e-05	6.143375e-07	-4.803944e-06	1.050323e-15	-8.288431e-16	1.320575e-15
1.249969e-05	3.989747e-07	-4.956421e-06	1.975854e-15	-8.663807e-16	3.228142e-15
1.214065e-05	2.095381e-07	-4.953334e-06	2.798278e-15	-5.110412e-16	4.229116e-15
1.214644e-05	-1.932637e-07	-4.956339e-06	2.516764e-15	4.062613e-16	3.939665e-15
1.240087e-05	-5.860329e-07	-4.936959e-06	1.912454e-15	8.476080e-16	3.174130e-15
1.335547e-05	-6.046838e-07	-4.860832e-06	1.056685e-15	7.945179e-16	1.158456e-15
1.446743e-05	-1.036349e-06	-4.445822e-06	-2.191721e-16	1.804980e-15	4.965153e-16
1.397807e-05	-1.436262e-06	-4.523620e-06	3.469027e-16	2.359372e-15	1.368559e-15
1.393578e-05	-1.819990e-06	-4.398922e-06	3.122014e-17	3.362518e-15	2.140151e-15
1.423488e-05	-2.005473e-06	-4.208597e-06	-9.057668e-16	3.570084e-15	2.096971e-15
1.458455e-05	-1.813521e-06	-4.133861e-06	-1.748659e-15	3.319525e-15	1.787293e-15
1.485946e-05	-1.419757e-06	-4.139043e-06	-1.315300e-15	2.319072e-15	8.555840e-16
1.519001e-05	-1.216987e-06	-4.001487e-06	-2.145109e-15	1.764272e-15	7.514965e-16
1.557337e-05	-1.217180e-06	-3.714922e-06	-3.746192e-15	2.462037e-15	1.646507e-15
1.592329e-05	-1.202508e-06	-3.399744e-06	-5.335537e-15	2.192354e-15	2.071824e-15
1.623747e-05	-1.171982e-06	-3.063173e-06	-7.431839e-15	3.046196e-15	2.801224e-15
1.652145e-05	-1.152170e-06	-2.688166e-06	-9.721386e-15	2.722589e-15	3.254034e-15
1.677560e-05	-1.120325e-06	-2.282741e-06	-1.120951e-14	3.547226e-15	3.221902e-15
1.698719e-05	-1.087659e-06	-1.856273e-06	-1.257274e-14	2.698267e-15	2.966684e-15
1.715400e-05	-1.071141e-06	-1.396073e-06	-1.454697e-14	3.952388e-15	2.656276e-15
1.727578e-05	-1.055777e-06	-9.205495e-07	-1.510869e-14	2.840138e-15	1.797922e-15
1.733774e-05	-1.072729e-06	-4.471686e-07	-1.618641e-14	4.060134e-15	1.158850e-15
1.735189e-05	-1.093136e-06	3.157080e-08	-1.836623e-14	3.576523e-15	-2.927751e-17
1.732455e-05	-1.096589e-06	5.078493e-07	-1.735101e-14	4.445396e-15	-9.268793e-16
1.724984e-05	-1.102454e-06	9.783107e-07	-1.714677e-14	3.480358e-15	-2.119424e-15
1.713117e-05	-1.102738e-06	1.439876e-06	-1.493859e-14	4.106299e-15	-2.598333e-15
1.696916e-05	-1.093079e-06	1.887772e-06	-1.383540e-14	3.042696e-15	-3.285517e-15
1.677534e-05	-1.043871e-06	2.321079e-06	-1.053499e-14	3.183237e-15	-3.005728e-15
1.653379e-05	-1.002522e-06	2.738951e-06	-7.667872e-15	1.765112e-15	-2.415306e-15
1.622106e-05	-1.018271e-06	3.140741e-06	-6.206461e-15	2.495445e-15	-2.025762e-15
1.586735e-05	-1.037555e-06	3.512155e-06	-4.450202e-15	1.614714e-15	-1.436975e-15
1.549387e-05	-1.087530e-06	3.818786e-06	-2.914854e-15	2.078357e-15	-9.848763e-16
1.509705e-05	-1.163127e-06	4.076627e-06	-1.862161e-15	1.558272e-15	-6.266102e-16
1.467797e-05	-1.244138e-06	4.289523e-06	-9.773865e-16	1.784047e-15	-1.208196e-15
1.425085e-05	-1.299837e-06	4.461358e-06	-4.105619e-16	1.447471e-15	-1.090748e-15
1.384490e-05	-1.248148e-06	4.620963e-06	2.710859e-16	1.917570e-15	-1.559761e-15
1.339434e-05	-1.169776e-06	4.748768e-06	1.202797e-15	1.786225e-15	-1.600067e-15
1.290903e-05	-1.162003e-06	4.816294e-06	1.386642e-15	2.083106e-15	-2.983417e-15
1.243876e-05	-1.196067e-06	4.824989e-06	1.556138e-15	1.638045e-15	-3.697100e-15
1.154721e-05	-4.183253e-07	4.860911e-06	3.343364e-15	1.014335e-15	-4.860522e-15
1.119439e-05	-2.092655e-07	4.791796e-06	3.743446e-15	4.945026e-16	-5.230996e-15
1.119476e-05	2.071704e-07	4.791861e-06	3.579226e-15	-4.816286e-16	-5.328247e-15
1.143401e-05	6.242545e-07	4.815263e-06	3.066572e-15	-9.585341e-16	-4.947918e-15
1.261867e-05	1.036598e-06	4.860268e-06	1.718153e-15	-1.801080e-15	-3.782472e-15
1.297510e-05	1.222241e-06	4.796167e-06	1.107125e-15	-2.103727e-15	-2.996719e-15
1.344899e-05	1.204586e-06	4.731572e-06	7.709338e-16	-1.511313e-15	-1.670403e-15
1.391586e-05	1.211863e-06	4.610281e-06	1.324087e-16	-1.990663e-15	-1.383790e-15
1.436931e-05	1.219137e-06	4.443656e-06	-2.825207e-16	-1.526630e-15	-5.825709e-16
1.480075e-05	1.214613e-06	4.238057e-06	-1.317352e-15	-2.038204e-15	-9.030469e-16
1.520767e-05	1.199051e-06	3.994874e-06	-2.155252e-15	-1.704997e-15	-7.861217e-16
1.558689e-05	1.184642e-06	3.712965e-06	-3.942247e-15	-2.475165e-15	-1.666854e-15
1.593827e-05	1.174518e-06	3.393436e-06	-5.534342e-15	-2.227996e-15	-2.063843e-15
1.625842e-05	1.149552e-06	3.046172e-06	-7.642696e-15	-3.041196e-15	-2.832277e-15
1.654589e-05	1.126763e-06	2.663223e-06	-9.684840e-15	-2.641836e-15	-3.125825e-15
1.679750e-05	1.114183e-06	2.239787e-06	-1.221556e-14	-3.767712e-15	-3.600362e-15
1.700616e-05	1.105191e-06	1.791325e-06	-1.393496e-14	-3.092034e-15	-3.213216e-15
1.715817e-05	1.122112e-06	1.327647e-06	-1.591259e-14	-4.276192e-15	-3.491117e-15
1.726211e-05	1.140980e-06	8.546353e-07	-1.843518e-14	-3.965034e-15	-2.548400e-15
1.732319e-05	1.143502e-06	4.004200e-07	-1.717961e-14	-4.417456e-15	-1.614837e-15
1.733614e-05	1.150012e-06	-6.168300e-08	-1.971921e-14	-4.100273e-15	-5.424185e-17
1.730130e-05	1.172090e-06	-5.356604e-07	-1.835000e-14	-4.975454e-15	7.624398e-16
1.721820e-05	1.206068e-06	-9.971496e-07	-1.812285e-14	-4.154381e-15	2.121817e-15
1.709855e-05	1.227346e-06	-1.441581e-06	-1.491275e-14	-4.500377e-15	2.439531e-15
1.693591e-05	1.231689e-06	-1.876475e-06	-1.460474e-14	-3.720705e-15	3.292459e-15
1.673290e-05	1.220732e-06	-2.306293e-06	-1.153768e-14	-4.005476e-15	3.215603e-15
1.649093e-05	1.197406e-06	-2.713559e-06	-9.652847e-15	-2.856757e-15	3.038334e-15
1.621287e-05	1.153058e-06	-3.101743e-06	-6.993494e-15	-2.990138e-15	2.505925e-15
1.589152e-05	1.120456e-06	-3.463998e-06	-4.633573e-15	-1.797816e-15	1.575677e-15
1.550256e-05	1.136186e-06	-3.796065e-06	-3.372330e-15	-2.436153e-15	1.312149e-15
1.507971e-05	1.152621e-06	-4.091136e-06	-1.907851e-15	-1.637744e-15	6.138293e-16
1.465628e-05	1.210803e-06	-4.308809e-06	-9.701828e-16	-1.837017e-15	1.207868e-15
1.424037e-05	1.285376e-06	-4.469501e-06	-3.832063e-16	-1.394667e-15	1.043962e-15
1.384316e-05	1.246536e-06	-4.621978e-06	2.759917e-16	-1.910888e-15	1.557987e-15
1.339261e-05	1.169173e-06	-4.749244e-06	1.204657e-15	-1.786369e-15	1.607880e-15
1.290827e-05	1.165493e-06	-4.815474e-06	1.379307e-15	-2.081710e-15	2.979082e-15
1.244048e-05	1.202674e-06	-4.822971e-06	1.566441e-15	-1.665502e-15	3.745806e-15
1.154716e-05	4.182537e-07	-4.860903e-06	3.320817e-15	-1.015499e-15	4.862968e-15
1.119432e-05	2.091732e-07	-4.791782e-06	3.704365e-15	-4.967948e-16	5.232736e-15
1.119738e-05	-1.916893e-07	-4.795280e-06	3.284846e-15	3.830624e-16	4.936236e-15
1.144637e-05	-5.788464e-07	-4.825140e-06	2.904073e-15	8.762477e-16	4.655575e-15
1.264040e-05	-9.875055e-07	-4.870124e-06	1.746580e-15	1.728279e-15	3.695573e-15
1.342487e-05	-1.217248e-06	-4.730734e-06	9.785545e-16	1.754202e-15	1.714843e-15
1.297379e-05	-1.198988e-06	-4.802200e-06	1.225176e-15	2.099760e-15	2.876261e-15
1.344425e-05	-2.178435e-06	-4.370062e-06	4.780523e-16	3.702308e-15	3.018738e-15
1.340683e-05	-2.539161e-06	-4.178957e-06	2.334603e-16	4.787350e-15	3.549655e-15
1.369709e-05	-2.725104e-06	-3.982756e-06	-6.359602e-16	5.307789e-15	3.354629e-15
1.410305e-05	-2.732917e-06	-3.830867e-06	-1.400135e-15	4.875421e-15	3.215756e-15
1.506578e-05	-1.968643e-06	-3.776980e-06	-3.031542e-15	3.988766e-15	2.352259e-15
1.544614e-05	-1.955533e-06	-3.498136e-06	-4.023831e-15	3.506731e-15	2.128662e-15
1.579673e-05	-1.946166e-06	-3.175402e-06	-5.752463e-15	4.454330e-15	2.829029e-15
1.611158e-05	-1.920945e-06	-2.831277e-06	-7.059364e-15	4.050384e-15	2.782693e-15
1.638958e-05	-1.864689e-06	-2.482588e-06	-8.289679e-15	4.647776e-15	2.843039e-15
1.663777e-05	-1.796399e-06	-2.103481e-06	-1.011258e-14	4.260265e-15	2.674789e-15
1.685243e-05	-1.740139e-06	-1.665623e-06	-1.281892e-14	5.770034e-15	2.940429e-15
1.702231e-05	-1.700028e-06	-1.194033e-06	-1.319637e-14	4.570509e-15	1.917309e-15
1.711200e-05	-1.718686e-06	-7.123887e-07	-1.477947e-14	5.875241e-15	1.983447e-15
1.714187e-05	-1.769662e-06	-2.328876e-07	-1.562908e-14	5.626783e-15	4.064173e-16
1.713704e-05	-1.793328e-06	2.157685e-07	-1.355687e-14	5.516427e-15	1.059707e-16
1.709072e-05	-1.800042e-06	6.619637e-07	-1.477975e-14	5.366690e-15	-1.383847e-15
1.290768e-05	-1.980734e-06	-4.543892e-06	9.857284e-16	2.975902e-15	3.350127e-15
1.293263e-05	-2.881774e-06	-4.031450e-06	7.384645e-16	4.846059e-15	3.871669e-15
1.283285e-05	-3.203543e-06	-3.789031e-06	5.216516e-16	5.245760e-15	3.553589e-15
1.307378e-05	-3.370390e-06	-3.607818e-06	1.378054e-16	6.460275e-15	3.923495e-15
1.349484e-05	-3.395749e-06	-3.493882e-06	-8.602717e-16	5.800300e-15	3.697733e-15
1.450907e-05	-2.711595e-06	-3.650922e-06	-2.521997e-15	5.447807e-15	3.359965e-15
1.490859e-05	-2.678220e-06	-3.428233e-06	-3.378028e-15	5.122144e-15	3.012285e-15
1.528965e-05	-2.639691e-06	-3.158577e-06	-4.888933e-15	5.959267e-15	3.243992e-15
1.564094e-05	-2.604904e-06	-2.845031e-06	-5.750036e-15	5.441316e-15	2.907642e-15
1.595111e-05	-2.564352e-06	-2.507005e-06	-6.696771e-15	5.672321e-15	2.868364e-15
1.622442e-05	-2.492764e-06	-2.164416e-06	-8.203384e-15	5.636863e-15	2.730435e-15
1.646667e-05	-2.395173e-06	-1.821578e-06	-8.820750e-15	5.826704e-15	2.137840e-15
1.667540e-05	-2.309611e-06	-1.419991e-06	-1.046618e-14	5.422661e-15	1.735808e-15
1.142604e-05	-1.040604e-06	4.740819e-06	2.991008e-15	1.989688e-15	-5.156515e-15
1.108808e-05	-1.238197e-06	4.604341e-06	3.106411e-15	2.107303e-15	-4.826275e-15
1.075967e-05	-1.020440e-06	4.542939e-06	3.851423e-15	1.791563e-15	-5.206605e-15
1.052063e-05	-6.034905e-07	4.520341e-06	3.714228e-15	8.731811e-16	-5.245431e-15
1.075949e-05	6.232404e-07	4.616119e-06	3.516226e-15	-8.235133e-16	-5.024567e-15
1.078218e-05	1.034187e-06	4.550263e-06	3.410061e-15	-1.693060e-15	-4.996791e-15
1.111335e-05	1.225614e-06	4.615687e-06	2.911450e-15	-2.074839e-15	-5.028085e-15
1.156281e-05	1.212170e-06	4.731734e-06	2.569038e-15	-1.697999e-15	-4.740272e-15
1.191454e-05	1.415443e-06	4.731050e-06	2.038527e-15	-2.189156e-15	-4.508733e-15
1.309583e-05	1.785244e-06	4.602583e-06	8.641625e-16	-3.008501e-15	-3.498566e-15
1.343493e-05	1.956995e-06	4.474846e-06	2.112001e-16	-3.431696e-15	-3.020309e-15
1.387897e-05	1.961684e-06	4.355792e-06	-2.077302e-16	-3.069262e-15	-2.264158e-15
1.432866e-05	1.966224e-06	4.185044e-06	-1.231745e-15	-3.609539e-15	-2.329381e-15
1.475634e-05	1.958964e-06	3.975322e-06	-1.815578e-15	-3.082073e-15	-1.757632e-15
1.515846e-05	1.939607e-06	3.728755e-06	-3.242051e-15	-3.803621e-15	-2.267049e-15
1.553288e-05	1.921403e-06	3.443463e-06	-4.062261e-15	-3.374661e-15	-2.030342e-15
1.587380e-05	1.903039e-06	3.121915e-06	-5.821483e-15	-4.154658e-15	-2.689748e-15
1.618349e-05	1.869833e-06	2.772633e-06	-7.302388e-15	-4.013510e-15	-2.681639e-15
1.645390e-05	1.827537e-06	2.405530e-06	-8.945206e-15	-4.755099e-15	-2.538964e-15
1.668844e-05	1.795450e-06	1.997940e-06	-1.081404e-14	-4.540489e-15	-2.284218e-15
1.686490e-05	1.804581e-06	1.565816e-06	-1.159280e-14	-5.171176e-15	-2.629586e-15
1.698472e-05	1.839626e-06	1.118476e-06	-1.398010e-14	-5.313937e-15	-2.870569e-15
1.185242e-05	-1.438678e-06	4.715664e-06	1.666318e-15	1.848682e-15	-4.430450e-15
1.102141e-05	-1.831942e-06	4.380839e-06	2.646485e-15	2.814172e-15	-4.769209e-15
1.072854e-05	-2.009175e-06	4.186441e-06	3.407323e-15	3.417300e-15	-4.968958e-15
1.037285e-05	-1.795039e-06	4.118043e-06	3.632910e-15	2.664602e-15	-4.545262e-15
1.012256e-05	-1.382882e-06	4.140557e-06	3.725955e-15	1.921970e-15	-4.809740e-15
1.029480e-05	-1.856810e-07	4.451975e-06	3.532155e-15	3.354911e-16	-5.053697e-15
1.009612e-05	2.300565e-07	4.346030e-06	3.614021e-15	-3.983429e-16	-4.924738e-15
1.038690e-05	1.437486e-06	4.265265e-06	3.550630e-15	-1.893453e-15	-4.699740e-15
1.042366e-05	1.831021e-06	4.130595e-06	3.206316e-15	-2.516554e-15	-4.320957e-15
1.074782e-05	2.015292e-06	4.195804e-06	2.733706e-15	-2.824934e-15	-4.467409e-15
1.116381e-05	1.995207e-06	4.354643e-06	2.655990e-15	-2.845378e-15	-4.958921e-15
1.159597e-05	1.976456e-06	4.472040e-06	2.147135e-15	-3.250809e-15	-5.036856e-15
1.204236e-05	1.984861e-06	4.537312e-06	1.733824e-15	-2.883377e-15	-4.625549e-15
1.239880e-05	2.172938e-06	4.472440e-06	1.131482e-15	-3.355925e-15	-4.264368e-15
1.354214e-05	2.520489e-06	4.158565e-06	-1.877737e-16	-4.490647e-15	-3.768630e-15
1.385005e-05	2.687474e-06	3.960775e-06	-9.729265e-16	-4.681613e-15	-3.214469e-15
1.426013e-05	2.669806e-06	3.807545e-06	-1.644949e-15	-4.746667e-15	-3.120650e-15
1.469108e-05	2.642634e-06	3.597766e-06	-2.930597e-15	-5.361859e-15	-3.236654e-15
1.509647e-05	2.603366e-06	3.351141e-06	-3.464694e-15	-4.676548e-15	-2.664023e-15
1.547122e-05	2.557154e-06	3.062149e-06	-5.201438e-15	-5.542275e-15	-3.006867e-15
1.581246e-05	2.510784e-06	2.736903e-06	-5.565043e-15	-4.833879e-15	-2.498271e-15
1.610858e-05	2.474123e-06	2.367129e-06	-7.632912e-15	-5.634173e-15	-3.135257e-15
1.636541e-05	2.428372e-06	1.979536e-06	-8.195317e-15	-5.519846e-15	-2.272003e-15
1.142599e-05	1.040836e-06	-4.740720e-06	2.984545e-15	-1.990939e-15	5.161456e-15
1.108802e-05	1.238397e-06	-4.604247e-06	3.097321e-15	-2.105833e-15	4.827784e-15
1.076978e-05	1.029338e-06	-4.546593e-06	3.605281e-15	-1.714372e-15	4.857236e-15
1.054088e-05	6.213664e-07	-4.527634e-06	3.620369e-15	-8.495356e-16	5.128752e-15
1.076274e-05	-5.848114e-07	-4.623258e-06	3.361596e-15	7.723841e-16	4.878584e-15
1.077956e-05	-9.783080e-07	-4.561390e-06	3.391953e-15	1.584140e-15	4.934269e-15
1.111393e-05	-1.164316e-06	-4.631042e-06	3.017145e-15	2.050558e-15	5.171011e-15
1.157476e-05	-1.156800e-06	-4.747195e-06	2.677091e-15	1.667661e-15	4.847483e-15
1.192398e-05	-1.361173e-06	-4.748020e-06	2.062798e-15	2.100629e-15	4.482897e-15
1.215024e-05	-1.742659e-06	-4.646741e-06	1.710299e-15	2.624236e-15	4.303387e-15
1.235910e-05	-2.112816e-06	-4.503143e-06	1.203203e-15	3.072906e-15	3.892924e-15
1.185368e-05	1.442344e-06	-4.714434e-06	1.693586e-15	-1.889454e-15	4.500255e-15
1.102126e-05	1.832358e-06	-4.380600e-06	2.642804e-15	-2.813722e-15	4.767869e-15
1.072800e-05	2.009435e-06	-4.185998e-06	3.410229e-15	-3.422688e-15	4.978629e-15
1.037188e-05	1.794610e-06	-4.117588e-06	3.641411e-15	-2.671572e-15	4.564839e-15
1.013166e-05	1.390842e-06	-4.143897e-06	3.567434e-15	-1.874319e-15	4.649957e-15
1.031825e-05	1.987669e-07	-4.464265e-06	3.433872e-15	-3.849041e-16	4.911583e-15
1.012072e-05	-2.144301e-07	-4.363615e-06	3.274742e-15	3.547677e-16	4.484188e-15
1.037726e-05	-1.389455e-06	-4.278685e-06	3.303097e-15	1.700053e-15	4.405025e-15
1.040581e-05	-1.781254e-06	-4.143654e-06	3.114402e-15	2.402501e-15	4.143417e-15
1.070097e-05	-1.939933e-06	-4.212901e-06	2.524528e-15	2.433090e-15	4.142008e-15
1.110952e-05	-1.902186e-06	-4.381569e-06	2.538568e-15	2.508143e-15	4.601299e-15
1.144738e-05	-2.071784e-06	-4.395619e-06	2.201751e-15	3.152775e-15	5.076015e-15
1.233279e-05	-2.476105e-06	-4.309621e-06	1.196144e-15	4.267812e-15	4.472484e-15
1.223356e-05	-3.465280e-06	-3.558547e-06	1.219521e-15	5.045049e-15	3.981411e-15
1.208721e-05	-3.731986e-06	-3.257752e-06	1.001761e-15	5.402185e-15	3.709687e-15
1.237719e-05	-3.906941e-06	-3.065681e-06	7.290279e-16	6.752920e-15	3.773727e-15
1.283208e-05	-3.954290e-06	-2.991912e-06	-5.143788e-17	6.743138e-15	3.832695e-15
1.392553e-05	-3.393062e-06	-3.341512e-06	-1.847656e-15	6.875034e-15	4.056513e-15
1.435627e-05	-3.361241e-06	-3.161087e-06	-2.601406e-15	6.096446e-15	3.521969e-15
1.475795e-05	-3.307345e-06	-2.947323e-06	-3.911368e-15	7.171923e-15	3.501070e-15
1.514117e-05	-3.248295e-06	-2.686591e-06	-4.664484e-15	6.593283e-15	3.122374e-15
1.549418e-05	-3.177113e-06	-2.384058e-06	-6.173033e-15	7.317033e-15	3.042321e-15
1.580606e-05	-3.100166e-06	-2.057044e-06	-6.263531e-15	6.284371e-15	2.440722e-15
1.607924e-05	-3.011892e-06	-1.693021e-06	-8.322458e-15	7.221302e-15	2.569106e-15
1.632134e-05	-2.897613e-06	-1.328749e-06	-8.374606e-15	6.671498e-15	1.802920e-15
1.154337e-05	-2.210310e-06	4.349081e-06	2.012179e-15	3.467000e-15	-5.408693e-15
1.163029e-05	-2.558659e-06	4.172825e-06	1.866477e-15	4.194081e-15	-5.082694e-15
1.131229e-05	-2.748131e-06	3.968450e-06	2.237321e-15	4.448318e-15	-4.924517e-15
1.085455e-05	-2.750923e-06	3.798342e-06	2.737823e-15	3.842550e-15	-4.833693e-15
9.873995e-06	-1.928142e-06	3.756084e-06	3.163830e-15	2.346614e-15	-3.620726e-15
9.554260e-06	-1.688897e-06	3.632058e-06	3.147250e-15	1.716209e-15	-3.131901e-15
9.523742e-06	-1.320153e-06	3.758695e-06	3.172460e-15	1.259328e-15	-3.320740e-15
9.708052e-06	-9.631062e-07	4.001357e-06	3.326597e-15	1.215506e-15	-4.107231e-15
9.695292e-06	-5.620414e-07	4.067569e-06	3.378117e-15	5.842298e-16	-4.394968e-15
9.929970e-06	6.493603e-07	4.206569e-06	3.509876e-15	-7.273834e-16	-4.470166e-15
9.767033e-06	1.064979e-06	4.016639e-06	3.402281e-15	-1.348590e-15	-4.058374e-15
1.008292e-05	2.206781e-06	3.744222e-06	3.104580e-15	-2.428165e-15	-3.653118e-15
1.014540e-05	2.570673e-06	3.545254e-06	2.681338e-15	-2.799464e-15	-3.168091e-15
1.046892e-05	2.747358e-06	3.610754e-06	2.623921e-15	-3.456756e-15	-3.859569e-15
1.086833e-05	2.742624e-06	3.813537e-06	2.430146e-15	-3.466872e-15	-4.292398e-15
1.128034e-05	2.725317e-06	3.974857e-06	2.128690e-15	-4.154074e-15	-4.778754e-15
1.170852e-05	2.709345e-06	4.094736e-06	1.727200e-15	-3.814844e-15	-4.781181e-15
1.213033e-05	2.689513e-06	4.168034e-06	1.356126e-15	-4.270518e-15	-4.203171e-15
1.257347e-05	2.673252e-06	4.193982e-06	1.095994e-15	-4.203139e-15	-4.199435e-15
1.292733e-05	2.853404e-06	4.052786e-06	3.537963e-16	-4.764280e-15	-3.720386e-15
1.206843e-05	-1.990005e-06	4.537686e-06	1.150382e-15	2.443528e-15	-4.693922e-15
1.218358e-05	-2.859358e-06	4.053935e-06	1.022620e-15	4.737026e-15	-5.190241e-15
1.225626e-05	-3.177640e-06	3.814441e-06	9.509324e-16	5.547394e-15	-4.700728e-15
1.194325e-05	-3.357431e-06	3.623704e-06	1.435775e-15	5.557018e-15	-4.163595e-15
1.148477e-05	-3.388207e-06	3.493241e-06	1.909203e-15	4.875003e-15	-4.389143e-15
1.042041e-05	-2.712246e-06	3.610953e-06	2.469622e-15	3.293288e-15	-3.891696e-15
1.001275e-05	-2.648202e-06	3.394494e-06	2.764051e-15	2.689802e-15	-3.410163e-15
9.116664e-06	-1.772459e-06	3.183621e-06	2.794195e-15	1.568411e-15	-2.392815e-15
8.838489e-06	-1.517295e-06	3.002795e-06	2.543848e-15	1.036391e-15	-1.875065e-15
8.809969e-06	-1.158059e-06	3.126702e-06	2.580245e-15	7.503392e-16	-1.980577e-15
8.971118e-06	-8.403577e-07	3.401217e-06	3.009261e-15	7.717546e-16	-2.777447e-15
9.151617e-06	-5.000055e-07	3.640937e-06	3.126587e-15	3.936847e-16	-3.055496e-15
9.329314e-06	-1.254209e-07	3.829796e-06	3.157094e-15	2.221134e-16	-3.656889e-15
9.341827e-06	2.874528e-07	3.831830e-06	3.137951e-15	-3.718900e-16	-3.670977e-15
9.603514e-06	1.477499e-06	3.760956e-06	3.229375e-15	-1.491075e-15	-3.677762e-15
9.467618e-06	1.876743e-06	3.466496e-06	2.957567e-15	-1.855801e-15	-3.026932e-15
9.835785e-06	2.876637e-06	3.060936e-06	2.353505e-15	-2.336182e-15	-2.383201e-15
9.923933e-06	3.186243e-06	2.816582e-06	2.177364e-15	-2.649223e-15	-2.178118e-15
1.028553e-05	3.379628e-06	2.894418e-06	2.208959e-15	-3.544601e-15	-2.770597e-15
1.069812e-05	3.400327e-06	3.149173e-06	2.120464e-15	-3.627560e-15	-3.307664e-15
1.111842e-05	3.393554e-06	3.359143e-06	1.910187e-15	-4.616005e-15	-3.820181e-15
1.155133e-05	3.374209e-06	3.527651e-06	1.594599e-15	-4.351143e-15	-4.168537e-15
1.199939e-05	3.342037e-06	3.644207e-06	1.134507e-15	-5.503111e-15	-4.402705e-15
1.244108e-05	3.306006e-06	3.714183e-06	7.973304e-16	-4.525506e-15	-3.914584e-15
1.285855e-05	3.309644e-06	3.697074e-06	1.232758e-16	-4.880135e-15	-3.566769e-15
1.328715e-05	3.359568e-06	3.579117e-06	-5.834460e-16	-5.943133e-15	-4.453655e-15
1.369546e-05	3.376427e-06	3.447623e-06	-1.424539e-15	-5.356544e-15	-3.922863e-15
1.410475e-05	3.324902e-06	3.328289e-06	-2.154412e-15	-6.488410e-15	-4.192382e-15
1.453492e-05	3.263873e-06	3.152405e-06	-3.168638e-15	-6.286337e-15	-3.590712e-15
1.497174e-05	3.189162e-06	2.903856e-06	-4.721514e-15	-7.703327e-15	-3.687712e-15
1.537792e-05	3.107509e-06	2.612939e-06	-5.055554e-15	-6.234834e-15	-2.592899e-15
1.570435e-05	3.061219e-06	2.254157e-06	-7.311468e-15	-7.691563e-15	-2.774824e-15
1.598564e-05	3.024640e-06	1.850850e-06	-8.394962e-15	-7.625305e-15	-2.841450e-15
1.154327e-05	2.210910e-06	-4.348736e-06	2.024532e-15	-3.480774e-15	5.405862e-15
1.163191e-05	2.569987e-06	-4.164163e-06	1.969725e-15	-4.525946e-15	5.419975e-15
1.132148e-05	2.754133e-06	-3.967714e-06	2.216300e-15	-4.380005e-15	4.720328e-15
1.086940e-05	2.740447e-06	-3.813831e-06	2.686341e-15	-3.720851e-15	4.678940e-15
9.868211e-06	1.934774e-06	-3.746562e-06	3.311199e-15	-2.464856e-15	3.826949e-15
9.554951e-06	1.714956e-06	-3.620554e-06	3.033758e-15	-1.710459e-15	3.006186e-15
9.534137e-06	1.338612e-06	-3.760380e-06	3.233069e-15	-1.285236e-15	3.423860e-15
9.728407e-06	9.713752e-07	-4.013415e-06	3.342634e-15	-1.230120e-15	4.124106e-15
9.729512e-06	5.749515e-07	-4.088440e-06	3.491820e-15	-6.350307e-16	4.532876e-15
9.955329e-06	-6.278065e-07	-4.228889e-06	3.180202e-15	6.181536e-16	4.081797e-15
9.801542e-06	-1.046332e-06	-4.048310e-06	3.075729e-15	1.230052e-15	3.672294e-15
1.006851e-05	-2.179509e-06	-3.753252e-06	2.923303e-15	2.228208e-15	3.444844e-15
1.011723e-05	-2.549669e-06	-3.541444e-06	2.593952e-15	2.725485e-15	3.071022e-15
1.041424e-05	-2.717392e-06	-3.602471e-06	2.503598e-15	3.168845e-15	3.715252e-15
1.078412e-05	-2.677575e-06	-3.821753e-06	2.411703e-15	3.306480e-15	4.171845e-15
1.206996e-05	1.993278e-06	-4.536640e-06	1.150181e-15	-2.435200e-15	4.657754e-15
1.217797e-05	2.894340e-06	-4.028016e-06	1.063753e-15	-4.847750e-15	5.296018e-15
1.225494e-05	3.223290e-06	-3.777187e-06	8.597694e-16	-5.345329e-15	4.511677e-15
1.194509e-05	3.399089e-06	-3.583381e-06	1.447733e-15	-5.828382e-15	4.310490e-15
1.148231e-05	3.411982e-06	-3.468394e-06	1.871405e-15	-4.910038e-15	4.381187e-15
1.042379e-05	2.699769e-06	-3.622498e-06	2.505252e-15	-3.353444e-15	3.935234e-15
1.000109e-05	2.641233e-06	-3.393652e-06	2.659980e-15	-2.551828e-15	3.254286e-15
9.124649e-06	1.830281e-06	-3.161849e-06	2.591203e-15	-1.498161e-15	2.246612e-15
8.849449e-06	1.582061e-06	-2.980972e-06	2.571295e-15	-1.078525e-15	1.890453e-15
8.831807e-06	1.236889e-06	-3.121079e-06	2.613193e-15	-8.294233e-16	2.054769e-15
9.004744e-06	9.104424e-07	-3.419024e-06	3.009902e-15	-8.588590e-16	2.776082e-15
9.182730e-06	5.278379e-07	-3.666136e-06	3.179198e-15	-4.124733e-16	3.162666e-15
9.366590e-06	1.348815e-07	-3.860196e-06	3.197243e-15	-2.291438e-16	3.706917e-15
9.389919e-06	-2.751459e-07	-3.871053e-06	3.257831e-15	3.731364e-16	3.828014e-15
9.641118e-06	-1.457359e-06	-3.800303e-06	3.053275e-15	1.380446e-15	3.468727e-15
9.499685e-06	-1.856116e-06	-3.507447e-06	2.859856e-15	1.810048e-15	2.910508e-15
9.818733e-06	-2.874407e-06	-3.049446e-06	2.302596e-15	2.251843e-15	2.333933e-15
9.914853e-06	-3.193932e-06	-2.801293e-06	2.086228e-15	2.574371e-15	2.156575e-15
1.027647e-05	-3.387252e-06	-2.879165e-06	2.110482e-15	3.431039e-15	2.761078e-15
1.066416e-05	-3.388780e-06	-3.140753e-06	2.056930e-15	3.552249e-15	3.374923e-15
1.103482e-05	-3.498686e-06	-3.216905e-06	1.682259e-15	3.937730e-15	3.659006e-15
1.127475e-05	-3.763340e-06	-3.007709e-06	1.343244e-15	4.591809e-15	3.550943e-15
1.232854e-05	-4.272419e-06	-2.538505e-06	4.834288e-16	5.192583e-15	2.531021e-15
1.263404e-05	-4.402732e-06	-2.300723e-06	-4.664680e-18	6.720939e-15	2.783275e-15
1.304218e-05	-4.318993e-06	-2.401189e-06	-8.340238e-16	7.084433e-15	2.948311e-15
1.334825e-05	-4.076145e-06	-2.718540e-06	-7.771544e-16	6.890629e-15	3.403957e-15
1.372923e-05	-3.933775e-06	-2.782355e-06	-1.707517e-15	7.145784e-15	3.532083e-15
1.417802e-05	-3.895903e-06	-2.593321e-06	-2.785080e-15	7.831123e-15	3.290305e-15
1.459776e-05	-3.835956e-06	-2.370948e-06	-3.644997e-15	7.508395e-15	3.118186e-15
1.498586e-05	-3.747257e-06	-2.125151e-06	-4.859083e-15	8.037139e-15	2.705661e-15
1.534373e-05	-3.646427e-06	-1.837551e-06	-5.504329e-15	7.479577e-15	2.320259e-15
1.566333e-05	-3.531148e-06	-1.513558e-06	-6.617460e-15	7.693617e-15	1.917934e-15
1.594420e-05	-3.404542e-06	-1.152556e-06	-6.966928e-15	6.915013e-15	1.432081e-15
1.274546e-05	-2.641647e-06	4.206523e-06	3.554752e-16	3.652718e-15	-4.642575e-15
1.313175e-05	-2.721849e-06	4.115869e-06	-2.458806e-16	3.667988e-15	-3.808218e-15
1.321089e-05	-3.017178e-06	3.887131e-06	-6.204307e-16	5.315607e-15	-4.549989e-15
1.304785e-05	-3.373285e-06	3.611832e-06	-8.566181e-17	5.535983e-15	-4.458195e-15
1.195683e-05	-3.801797e-06	3.157529e-06	1.014630e-15	5.803185e-15	-3.606965e-15
1.165720e-05	-3.941630e-06	2.910255e-06	1.325924e-15	5.188780e-15	-2.874655e-15
1.128714e-05	-3.808973e-06	2.956122e-06	1.645255e-15	4.436583e-15	-2.846110e-15
1.097518e-05	-3.532867e-06	3.149373e-06	1.797252e-15	4.209222e-15	-3.646110e-15
1.060262e-05	-3.358724e-06	3.137784e-06	1.991947e-15	3.420206e-15	-3.485036e-15
9.618872e-06	-2.559997e-06	3.140796e-06	2.516315e-15	2.378507e-15	-2.738605e-15
9.245859e-06	-2.459720e-06	2.844681e-06	2.452064e-15	1.735686e-15	-2.145015e-15
8.479933e-06	-1.555902e-06	2.479537e-06	2.155432e-15	9.207822e-16	-1.346223e-15
8.260504e-06	-1.283170e-06	2.260544e-06	1.903466e-15	5.716032e-16	-9.904358e-16
8.235291e-06	-9.257066e-07	2.384079e-06	2.011801e-15	4.022409e-16	-1.102697e-15
8.357902e-06	-6.242474e-07	2.679322e-06	2.380937e-15	4.002406e-16	-1.609925e-15
8.513184e-06	-3.102868e-07	2.953790e-06	2.571535e-15	1.500162e-16	-1.804754e-15
8.687818e-06	2.632420e-08	3.193462e-06	2.762189e-15	5.086708e-17	-2.360151e-15
8.872685e-06	3.642609e-07	3.384274e-06	2.617876e-15	-3.110519e-16	-2.216022e-15
9.065345e-06	7.268302e-07	3.524924e-06	2.832750e-15	-5.118622e-16	-2.861066e-15
1.270264e-05	-2.119357e-06	4.491867e-06	6.081685e-16	2.894444e-15	-4.528571e-15
1.367328e-05	-2.341934e-06	4.223809e-06	-6.300746e-16	3.250764e-15	-3.705120e-15
1.403496e-05	-2.368348e-06	4.092089e-06	-1.193669e-15	3.496869e-15	-3.135744e-15
1.409286e-05	-2.728330e-06	3.837632e-06	-1.890347e-15	5.429786e-15	-3.605131e-15
1.395558e-05	-3.128532e-06	3.576853e-06	-1.522315e-15	6.149599e-15	-4.316290e-15
1.286723e-05	-3.686512e-06	3.316459e-06	-3.502254e-16	6.104950e-15	-4.164604e-15
1.269577e-05	-3.979781e-06	2.975774e-06	2.678998e-16	5.951897e-15	-3.602839e-15
1.166035e-05	-4.286679e-06	2.377971e-06	9.557040e-16	4.870989e-15	-2.133548e-15
1.137605e-05	-4.366459e-06	2.097412e-06	1.150745e-15	4.205612e-15	-1.550799e-15
1.101624e-05	-4.239734e-06	2.132467e-06	1.374825e-15	3.598875e-15	-1.469676e-15
1.072008e-05	-4.000595e-06	2.355176e-06	1.618234e-15	3.711264e-15	-2.199386e-15
1.043035e-05	-3.724707e-06	2.561383e-06	1.742185e-15	3.111759e-15	-2.144184e-15
1.013673e-05	-3.412116e-06	2.737532e-06	2.017358e-15	3.085295e-15	-2.734241e-15
9.790494e-06	-3.193262e-06	2.680621e-06	2.137527e-15	2.463514e-15	-2.388371e-15
8.897889e-06	-2.344924e-06	2.499307e-06	2.130876e-15	1.510402e-15	-1.632320e-15
8.585518e-06	-2.213676e-06	2.125214e-06	1.885252e-15	1.010220e-15	-1.126983e-15
8.011860e-06	-1.314045e-06	1.695699e-06	1.530003e-15	4.882255e-16	-6.250094e-16
7.862973e-06	-1.038920e-06	1.467955e-06	1.500817e-15	3.513544e-16	-4.940255e-16
7.833532e-06	-6.409660e-07	1.594382e-06	1.610805e-15	1.785053e-16	-5.597985e-16
7.918491e-06	-3.228899e-07	1.906878e-06	1.788869e-15	1.684369e-16	-8.435533e-16
8.049389e-06	-8.318167e-09	2.213757e-06	2.086806e-15	-5.809942e-17	-1.018571e-15
8.212959e-06	3.187549e-07	2.499860e-06	2.160589e-15	-9.208134e-17	-1.354727e-15
8.395558e-06	6.583685e-07	2.724949e-06	2.335738e-15	-4.630338e-16	-1.428104e-15
8.588390e-06	9.993078e-07	2.901178e-06	2.321361e-15	-5.023351e-16	-1.832310e-15
9.088525e-06	1.136300e-06	3.438760e-06	2.719283e-15	-1.027473e-15	-2.635499e-15
8.922943e-06	1.450976e-06	3.138045e-06	2.329242e-15	-8.995097e-16	-1.967223e-15
9.328571e-06	2.192761e-06	3.136891e-06	2.484398e-15	-1.708439e-15	-2.400747e-15
9.189039e-06	2.454448e-06	2.775723e-06	2.584982e-15	-1.947486e-15	-2.199237e-15
9.661352e-06	3.386630e-06	2.273943e-06	2.053188e-15	-2.335741e-15	-1.641360e-15
9.812695e-06	3.667311e-06	2.005084e-06	1.872127e-15	-2.513756e-15	-1.413127e-15
1.019795e-05	3.876522e-06	2.094342e-06	1.651466e-15	-2.967610e-15	-1.539970e-15
1.060095e-05	3.928941e-06	2.378769e-06	1.908503e-15	-3.692096e-15	-2.359151e-15
1.101241e-05	3.942904e-06	2.639875e-06	1.477229e-15	-4.028610e-15	-2.432906e-15
1.143158e-05	3.929395e-06	2.856196e-06	1.429892e-15	-4.434917e-15	-3.064913e-15
1.188406e-05	3.895898e-06	3.028147e-06	9.215395e-16	-5.350135e-15	-3.360931e-15
1.235167e-05	3.849573e-06	3.148147e-06	6.356927e-16	-5.033496e-15	-3.534397e-15
1.280449e-05	3.859830e-06	3.117275e-06	-4.811943e-16	-5.633619e-15	-3.915575e-15
1.320819e-05	3.943587e-06	2.936302e-06	-5.176476e-16	-7.019136e-15	-3.721627e-15
1.360310e-05	3.958732e-06	2.793113e-06	-1.675363e-15	-7.341118e-15	-3.440352e-15
1.403069e-05	3.885492e-06	2.693869e-06	-2.382885e-15	-7.217021e-15	-4.202562e-15
1.297932e-05	-1.915223e-06	4.563922e-06	8.243760e-16	2.646508e-15	-3.384510e-15
1.345406e-05	-1.773261e-06	4.549226e-06	2.293095e-17	2.432114e-15	-2.545696e-15
1.210020e-05	-2.797652e-06	-4.093773e-06	1.669826e-15	4.206978e-15	4.096521e-15
1.178793e-05	-3.070495e-06	-3.847737e-06	1.459652e-15	4.802992e-15	4.167281e-15
1.140165e-05	-3.072547e-06	-3.756138e-06	1.790781e-15	4.013039e-15	3.824706e-15
1.454650e-05	-2.012627e-06	4.060479e-06	-1.515321e-15	2.816714e-15	-2.198305e-15
1.455883e-05	-2.924308e-06	3.455999e-06	-2.737377e-15	5.486415e-15	-2.936893e-15
1.461791e-05	-3.232058e-06	3.132514e-06	-3.161562e-15	6.067999e-15	-3.001140e-15
1.435439e-05	-3.467191e-06	3.040909e-06	-3.046247e-15	7.287864e-15	-3.595335e-15
1.392470e-05	-3.596892e-06	3.121662e-06	-1.984354e-15	6.573801e-15	-4.246776e-15
1.360881e-05	-3.809998e-06	2.995188e-06	-1.370293e-15	6.521524e-15	-4.288872e-15
1.254621e-05	-4.244770e-06	2.590068e-06	-1.271560e-16	6.040382e-15	-3.152915e-15
1.240113e-05	-4.464588e-06	2.189371e-06	3.894552e-16	5.374598e-15	-2.316369e-15
1.139697e-05	-4.606988e-06	1.518581e-06	8.321993e-16	3.884327e-15	-1.086593e-15
1.110311e-05	-4.619792e-06	1.183484e-06	1.139444e-15	3.729069e-15	-8.333078e-16
1.075287e-05	-4.492101e-06	1.210592e-06	1.131533e-15	2.890008e-15	-6.380130e-16
1.048164e-05	-4.300488e-06	1.466647e-06	1.332197e-15	2.946924e-15	-1.076892e-15
1.018986e-05	-4.062176e-06	1.696058e-06	1.457484e-15	2.509114e-15	-1.025989e-15
9.904509e-06	-3.787115e-06	1.908967e-06	1.617086e-15	2.503440e-15	-1.455726e-15
9.642595e-06	-3.492523e-06	2.092131e-06	1.536847e-15	1.878252e-15	-1.193269e-15
9.380985e-06	-3.167626e-06	2.232524e-06	1.759713e-15	1.891684e-15	-1.554653e-15
9.069791e-06	-2.924716e-06	2.104624e-06	1.747996e-15	1.413697e-15	-1.262721e-15
1.273569e-05	2.672081e-06	-4.184876e-06	3.644965e-16	-4.034444e-15	5.078402e-15
1.312120e-05	2.759069e-06	-4.089904e-06	-2.901819e-16	-3.869248e-15	4.067435e-15
1.319893e-05	3.058764e-06	-3.854056e-06	-6.825516e-16	-5.688512e-15	4.875989e-15
1.305690e-05	3.414368e-06	-3.570333e-06	-1.356688e-16	-5.690745e-15	4.494020e-15
1.195606e-05	3.836822e-06	-3.112824e-06	1.042990e-15	-5.986807e-15	3.655913e-15
1.166649e-05	3.980093e-06	-2.859468e-06	1.280360e-15	-5.196453e-15	2.818856e-15
1.129404e-05	3.839248e-06	-2.919458e-06	1.623640e-15	-4.570291e-15	2.962588e-15
1.098549e-05	3.532669e-06	-3.155362e-06	1.829683e-15	-4.200522e-15	3.591667e-15
1.061540e-05	3.342150e-06	-3.160157e-06	2.190681e-15	-3.701863e-15	3.760651e-15
9.597376e-06	2.566969e-06	-3.116562e-06	2.416652e-15	-2.310042e-15	2.687205e-15
9.223009e-06	2.476994e-06	-2.806269e-06	2.253892e-15	-1.607202e-15	1.956067e-15
8.481952e-06	1.612789e-06	-2.447579e-06	2.074014e-15	-9.133565e-16	1.281862e-15
8.260329e-06	1.343012e-06	-2.224275e-06	1.912140e-15	-5.991593e-16	9.896620e-16
8.238363e-06	9.775103e-07	-2.365925e-06	2.160286e-15	-4.462665e-16	1.200164e-15
8.383172e-06	6.814005e-07	-2.702999e-06	2.477505e-15	-4.610105e-16	1.683476e-15
8.556535e-06	4.046583e-07	-3.002378e-06	2.462856e-15	-2.166329e-16	1.752952e-15
8.734948e-06	7.175817e-08	-3.250926e-06	2.731141e-15	-1.369629e-16	2.307154e-15
8.919478e-06	-3.128826e-07	-3.441284e-06	2.628956e-15	2.903169e-16	2.268113e-15
9.120533e-06	-6.994834e-07	-3.585029e-06	2.817414e-15	4.958202e-16	2.830435e-15
1.272063e-05	2.131104e-06	-4.484023e-06	6.201778e-16	-3.018980e-15	4.633728e-15
1.367945e-05	2.359123e-06	-4.212344e-06	-6.660359e-16	-3.254868e-15	3.676223e-15
1.401299e-05	2.390113e-06	-4.088925e-06	-1.055010e-15	-3.191018e-15	2.963199e-15
1.408307e-05	2.749291e-06	-3.829032e-06	-1.736262e-15	-4.877556e-15	3.399757e-15
1.398460e-05	3.141170e-06	-3.552197e-06	-1.653965e-15	-6.426248e-15	4.485472e-15
1.288790e-05	3.734293e-06	-3.256467e-06	-4.877927e-16	-6.754765e-15	4.518224e-15
1.271688e-05	4.032377e-06	-2.901734e-06	2.152197e-16	-6.068185e-15	3.516968e-15
1.173331e-05	4.337214e-06	-2.304488e-06	9.120787e-16	-5.389872e-15	2.294724e-15
1.145170e-05	4.421227e-06	-2.010798e-06	1.191928e-15	-4.939121e-15	1.739961e-15
1.106689e-05	4.279021e-06	-2.086298e-06	1.391242e-15	-3.836820e-15	1.580858e-15
1.076356e-05	4.014153e-06	-2.364355e-06	1.672208e-15	-3.936819e-15	2.248455e-15
1.045661e-05	3.712816e-06	-2.600251e-06	1.785498e-15	-3.196452e-15	2.231237e-15
1.014825e-05	3.385430e-06	-2.782677e-06	1.988255e-15	-3.016001e-15	2.644241e-15
9.788366e-06	3.167778e-06	-2.710049e-06	2.130732e-15	-2.382206e-15	2.358088e-15
8.894865e-06	2.389435e-06	-2.453193e-06	2.020163e-15	-1.436652e-15	1.540548e-15
8.602036e-06	2.287122e-06	-2.073332e-06	1.934906e-15	-1.092736e-15	1.137510e-15
8.022172e-06	1.401202e-06	-1.641702e-06	1.684414e-15	-5.693037e-16	6.815259e-16
7.871900e-06	1.132820e-06	-1.417946e-06	1.572657e-15	-4.223520e-16	4.966142e-16
7.830313e-06	7.322389e-07	-1.558646e-06	1.350802e-15	-1.809204e-16	4.628798e-16
7.919446e-06	4.245232e-07	-1.889107e-06	1.849204e-15	-2.089005e-16	8.464384e-16
8.048773e-06	1.222637e-07	-2.216767e-06	1.809737e-15	-2.864768e-17	9.076018e-16
8.206653e-06	-1.606280e-07	-2.506732e-06	2.100320e-15	5.983095e-17	1.284377e-15
8.385630e-06	-4.168368e-07	-2.766838e-06	1.945113e-15	1.960865e-16	1.229227e-15
8.570725e-06	-7.247863e-07	-2.968755e-06	2.263148e-15	3.720648e-16	1.643641e-15
9.147382e-06	-1.105916e-06	-3.506013e-06	2.805647e-15	1.048456e-15	2.726350e-15
8.990056e-06	-1.494027e-06	-3.191027e-06	2.708436e-15	1.028385e-15	2.281275e-15
9.360976e-06	-2.197332e-06	-3.167649e-06	2.595295e-15	1.747707e-15	2.488028e-15
9.222194e-06	-2.485247e-06	-2.793261e-06	2.363142e-15	1.824379e-15	2.007953e-15
9.712219e-06	-3.430399e-06	-2.271746e-06	2.079844e-15	2.402147e-15	1.681795e-15
9.895168e-06	-3.728989e-06	-2.004777e-06	1.718382e-15	2.487649e-15	1.392618e-15
1.028535e-05	-3.908803e-06	-2.122056e-06	1.756764e-15	3.395339e-15	1.839891e-15
1.068279e-05	-3.937616e-06	-2.429997e-06	1.716838e-15	3.513566e-15	2.425203e-15
1.112361e-05	-4.050470e-06	-2.529980e-06	1.473384e-15	4.606751e-15	2.909391e-15
1.141358e-05	-4.253063e-06	-2.321176e-06	1.138965e-15	4.978881e-15	2.706814e-15
1.258601e-05	-4.655398e-06	-1.731843e-06	1.644735e-16	6.379666e-15	1.937259e-15
1.292222e-05	-4.731296e-06	-1.463569e-06	-4.577477e-16	6.606217e-15	1.609556e-15
1.333790e-05	-4.642903e-06	-1.575247e-06	-1.270562e-15	6.673489e-15	1.624250e-15
1.363731e-05	-4.448729e-06	-1.905907e-06	-1.490540e-15	7.573956e-15	2.506561e-15
1.401119e-05	-4.310377e-06	-1.970409e-06	-2.303555e-15	7.371573e-15	2.381104e-15
1.443617e-05	-4.232330e-06	-1.760319e-06	-3.118229e-15	7.391626e-15	1.956830e-15
1.482951e-05	-4.125531e-06	-1.526804e-06	-3.888259e-15	7.190744e-15	1.724384e-15
1.518475e-05	-4.001910e-06	-1.234999e-06	-5.396901e-15	8.209779e-15	1.491302e-15
1.550171e-05	-3.863840e-06	-9.068008e-07	-6.026223e-15	7.965017e-15	1.118315e-15
1.618577e-05	-3.259598e-06	-7.661754e-07	-7.473125e-15	6.780319e-15	1.181417e-15
1.639648e-05	-3.026580e-06	-6.558552e-07	-9.718495e-15	7.480665e-15	1.033544e-15
1.657498e-05	-2.743460e-06	-8.082438e-07	-9.170373e-15	6.290064e-15	1.361682e-15
1.680536e-05	-2.301642e-06	-9.741253e-07	-1.086588e-14	6.164678e-15	1.564957e-15
1.685513e-05	-2.352443e-06	-5.182054e-07	-1.270890e-14	6.313921e-15	1.143940e-15
1.685016e-05	-2.420560e-06	-6.799928e-08	-1.104410e-14	6.495483e-15	7.124107e-16
1.681049e-05	-2.461368e-06	3.513619e-07	-1.308667e-14	7.077428e-15	-1.983440e-16
1.700363e-05	-1.796153e-06	1.118071e-06	-1.304552e-14	5.694879e-15	-1.604706e-15
1.687257e-05	-1.786684e-06	1.565282e-06	-1.209637e-14	4.634295e-15	-2.587466e-15
8.841200e-06	1.901164e-06	2.778133e-06	2.508262e-15	-1.220899e-15	-2.034001e-15
9.077121e-06	2.687650e-06	2.396490e-06	2.020919e-15	-1.607578e-15	-1.544917e-15
8.983224e-06	2.891163e-06	1.984841e-06	2.120692e-15	-1.805675e-15	-1.358369e-15
9.615286e-06	3.775763e-06	1.444198e-06	1.619251e-15	-2.056769e-15	-8.500526e-16
9.794093e-06	3.998696e-06	1.176919e-06	1.454394e-15	-2.045045e-15	-6.214470e-16
1.019100e-05	4.222443e-06	1.248452e-06	1.294252e-15	-2.565020e-15	-7.611040e-16
1.059295e-05	4.328976e-06	1.528112e-06	1.421605e-15	-3.096649e-15	-1.234247e-15
1.096644e-05	4.373557e-06	1.803203e-06	1.160486e-15	-3.474909e-15	-1.330788e-15
1.134839e-05	4.379683e-06	2.054974e-06	1.167235e-15	-4.094044e-15	-1.953297e-15
1.175339e-05	4.353438e-06	2.284047e-06	8.177805e-16	-4.876285e-15	-2.187921e-15
1.219170e-05	4.307204e-06	2.468748e-06	6.399220e-16	-5.211319e-15	-2.713203e-15
1.261021e-05	4.334380e-06	2.438648e-06	-4.946450e-17	-5.713363e-15	-2.528895e-15
1.382293e-05	4.275860e-06	2.162452e-06	-1.778670e-15	-7.935063e-15	-2.641567e-15
1.417039e-05	4.288962e-06	1.867146e-06	-3.084718e-15	-8.037710e-15	-1.831840e-15
1.562353e-05	3.458441e-06	1.731194e-06	-7.192258e-15	-9.335767e-15	-2.069991e-15
1.576938e-05	3.519742e-06	1.288808e-06	-7.803028e-15	-8.761754e-15	-1.363040e-15
1.603867e-05	3.285485e-06	1.181122e-06	-1.044360e-14	-9.816868e-15	-1.691378e-15
1.628476e-05	2.962171e-06	1.293517e-06	-8.223211e-15	-6.741445e-15	-2.305729e-15
1.522147e-05	3.741934e-06	1.812105e-06	-5.643030e-15	-8.061116e-15	-2.054711e-15
1.558767e-05	3.820022e-06	7.639256e-07	-7.813803e-15	-1.044415e-14	-8.396454e-16
1.567584e-05	3.809450e-06	3.692558e-07	-7.635283e-15	-9.646557e-15	9.817078e-17
1.599750e-05	3.521096e-06	2.947386e-07	-1.064466e-14	-1.033048e-14	6.071449e-17
1.631805e-05	3.157088e-06	4.611670e-07	-1.000961e-14	-8.664362e-15	-6.860610e-16
1.657049e-05	2.802903e-06	5.511832e-07	-1.230830e-14	-7.948720e-15	-8.982531e-16
1.679565e-05	2.434746e-06	5.835611e-07	-1.310319e-14	-7.857340e-15	-2.676218e-15
1.698326e-05	2.088805e-06	5.363126e-07	-1.300131e-14	-5.658153e-15	-2.667062e-15
1.707573e-05	1.930402e-06	2.518592e-07	-1.627955e-14	-6.458890e-15	-1.442830e-15
1.706904e-05	1.949091e-06	-1.770978e-07	-1.610325e-14	-7.220109e-15	-6.039844e-16
1.701456e-05	1.983348e-06	-6.179291e-07	-1.750367e-14	-7.224450e-15	1.346131e-15
1.692549e-05	2.006403e-06	-1.051568e-06	-1.451861e-14	-7.074371e-15	1.493850e-15
1.679987e-05	2.016757e-06	-1.468149e-06	-1.435614e-14	-6.456216e-15	2.779620e-15
1.664200e-05	2.018480e-06	-1.868933e-06	-1.149403e-14	-6.245793e-15	2.670882e-15
1.644376e-05	2.004901e-06	-2.264641e-06	-1.148975e-14	-5.808609e-15	3.586515e-15
1.621353e-05	1.965142e-06	-2.658635e-06	-8.534247e-15	-5.435299e-15	3.208560e-15
1.594720e-05	1.904361e-06	-3.033549e-06	-7.251174e-15	-4.440511e-15	2.950467e-15
1.566624e-05	1.830361e-06	-3.372476e-06	-4.670126e-15	-3.959835e-15	1.811049e-15
1.531767e-05	1.804691e-06	-3.681215e-06	-3.434392e-15	-3.354220e-15	1.217906e-15
8.911676e-06	-1.994810e-06	-2.809814e-06	2.153543e-15	1.157610e-15	1.687295e-15
9.133504e-06	-2.757930e-06	-2.407592e-06	1.864445e-15	1.501266e-15	1.419140e-15
9.095691e-06	-3.027539e-06	-1.991453e-06	1.842638e-15	1.736419e-15	1.219427e-15
9.758856e-06	-3.885802e-06	-1.440403e-06	1.543673e-15	2.112337e-15	8.702283e-16
9.985533e-06	-4.119443e-06	-1.191030e-06	1.389198e-15	2.217860e-15	7.070000e-16
1.044007e-05	-4.318676e-06	-1.321884e-06	1.480786e-15	3.550150e-15	1.074503e-15
1.087431e-05	-4.385894e-06	-1.664510e-06	1.544996e-15	3.923836e-15	1.782115e-15
1.134294e-05	-4.483218e-06	-1.800546e-06	1.267530e-15	4.974599e-15	1.992794e-15
1.168231e-05	-4.646156e-06	-1.549892e-06	8.345103e-16	5.570879e-15	1.750640e-15
1.293078e-05	-4.866236e-06	-9.083506e-07	-3.024289e-16	6.283378e-15	6.261163e-16
1.328305e-05	-4.869046e-06	-6.312382e-07	-1.060883e-15	6.746964e-15	3.928664e-16
1.364875e-05	-4.782895e-06	-7.343846e-07	-1.775520e-15	7.037667e-15	6.108270e-16
1.392188e-05	-4.645373e-06	-1.069479e-06	-1.947422e-15	7.135264e-15	1.179565e-15
1.427240e-05	-4.511504e-06	-1.125547e-06	-2.787355e-15	7.340689e-15	1.208338e-15
1.465713e-05	-4.392340e-06	-9.059722e-07	-3.584249e-15	7.461082e-15	7.709809e-16
1.500378e-05	-4.256355e-06	-6.281074e-07	-4.291117e-15	7.287999e-15	5.147939e-16
1.575450e-05	-3.721453e-06	-5.646890e-07	-6.805153e-15	7.620874e-15	6.132350e-16
1.596798e-05	-3.560728e-06	-1.971987e-07	-8.624685e-15	8.846499e-15	3.044675e-16
1.657230e-05	-2.867192e-06	3.745255e-08	-9.189672e-15	6.433574e-15	3.829527e-16
1.677381e-05	-2.444989e-06	7.457239e-07	-9.921028e-15	5.965266e-15	-7.986402e-16
1.669636e-05	-2.418009e-06	1.149998e-06	-1.150349e-14	6.275222e-15	-1.572550e-15
1.670810e-05	-1.768084e-06	1.987664e-06	-9.308868e-15	4.459843e-15	-2.336823e-15
1.651182e-05	-1.709935e-06	2.395458e-06	-9.663825e-15	4.029379e-15	-3.019460e-15
1.299699e-05	1.926772e-06	-4.556156e-06	8.217380e-16	-2.730106e-15	3.464412e-15
1.346115e-05	1.776481e-06	-4.546555e-06	2.997606e-17	-2.472576e-15	2.570064e-15
1.435097e-05	3.929180e-06	2.427935e-06	-3.051244e-15	-6.930458e-15	-2.772739e-15
1.484658e-05	3.675570e-06	2.392041e-06	-4.212709e-15	-7.682546e-15	-2.683173e-15
1.450213e-05	2.022918e-06	-4.075665e-06	-1.550460e-15	-2.837624e-15	2.304538e-15
1.458479e-05	2.908525e-06	-3.452315e-06	-2.995736e-15	-5.678849e-15	3.186817e-15
1.469256e-05	3.181620e-06	-3.132934e-06	-3.389242e-15	-6.175718e-15	2.938306e-15
1.440634e-05	3.438438e-06	-3.040179e-06	-3.411796e-15	-7.938859e-15	3.852399e-15
1.394363e-05	3.603755e-06	-3.106470e-06	-2.017979e-15	-6.551427e-15	4.104811e-15
1.362136e-05	3.836129e-06	-2.958048e-06	-1.355711e-15	-6.559221e-15	4.286342e-15
1.257596e-05	4.287266e-06	-2.516088e-06	-1.109521e-16	-6.261555e-15	2.971315e-15
1.246794e-05	4.511323e-06	-2.092461e-06	4.018441e-16	-5.516436e-15	1.987448e-15
1.150266e-05	4.650945e-06	-1.450281e-06	8.028870e-16	-3.907746e-15	1.003163e-15
1.121164e-05	4.660839e-06	-1.156401e-06	9.707905e-16	-3.741251e-15	7.509587e-16
1.082103e-05	4.527545e-06	-1.191436e-06	1.109898e-15	-2.844181e-15	6.541753e-16
1.052181e-05	4.314087e-06	-1.482498e-06	1.356151e-15	-3.077880e-15	1.107784e-15
1.026231e-05	4.071635e-06	-1.779456e-06	1.273525e-15	-2.316512e-15	9.887550e-16
9.999200e-06	3.792713e-06	-2.034252e-06	1.414028e-15	-2.217505e-15	1.235446e-15
9.700455e-06	3.501556e-06	-2.157773e-06	1.478514e-15	-1.788929e-15	1.132090e-15
9.394327e-06	3.197532e-06	-2.202789e-06	1.886915e-15	-2.042352e-15	1.669675e-15
9.083674e-06	2.986075e-06	-2.038045e-06	1.752173e-15	-1.472500e-15	1.242793e-15
1.479466e-05	2.113941e-06	-3.872572e-06	-2.295571e-15	-3.754395e-15	1.588710e-15
1.238375e-05	-4.929664e-06	-6.450622e-07	1.901585e-16	4.480361e-15	4.113536e-16
1.239808e-05	-4.963593e-06	-2.412446e-07	3.192011e-16	5.270231e-15	-1.894529e-17
1.274628e-05	-4.965110e-06	4.716483e-08	-3.727883e-16	5.450263e-15	-3.903410e-16
1.319736e-05	-4.919273e-06	1.584725e-07	-8.645400e-16	6.594143e-15	-2.571584e-16
1.414088e-05	-4.678095e-06	-3.918428e-07	-2.713420e-15	7.636414e-15	1.844467e-16
1.452091e-05	-4.543116e-06	-2.161448e-07	-2.905475e-15	6.822847e-15	1.724224e-16
1.177057e-05	-4.821421e-06	-9.605134e-07	8.009517e-16	4.544135e-15	8.124856e-16
1.198768e-05	-4.942427e-06	1.042320e-07	4.012813e-16	4.049201e-15	-1.476602e-16
1.113361e-05	-4.744999e-06	5.843288e-07	8.613671e-16	3.214124e-15	-3.594646e-16
1.029143e-05	-4.394929e-06	7.578186e-07	9.794958e-16	1.952719e-15	-2.923481e-16
9.961787e-06	-4.196305e-06	8.100264e-07	1.321468e-15	2.084853e-15	-3.803850e-16
9.662472e-06	-3.943988e-06	1.060172e-06	1.264397e-15	1.887988e-15	-6.243261e-16
9.378640e-06	-3.651706e-06	1.275008e-06	1.461089e-15	1.609902e-15	-5.900845e-16
9.118247e-06	-3.339892e-06	1.460100e-06	1.334238e-15	1.453992e-15	-8.092713e-16
8.865387e-06	-3.023141e-06	1.545673e-06	1.444266e-15	1.170750e-15	-8.153554e-16
8.598466e-06	-2.676660e-06	1.526747e-06	1.497167e-15	1.072274e-15	-6.196863e-16
8.368572e-06	-2.311868e-06	1.512786e-06	1.602864e-15	8.575062e-16	-7.756060e-16
8.186821e-06	-2.079527e-06	1.324919e-06	1.631987e-15	7.697661e-16	-5.864707e-16
7.716328e-06	-1.030120e-06	8.749386e-07	1.486312e-15	3.721384e-16	-3.067746e-16
7.617266e-06	-7.082862e-07	6.161961e-07	1.314381e-15	1.869193e-16	-1.557158e-16
7.599185e-06	-3.573384e-07	7.597643e-07	1.338159e-15	7.798237e-17	-2.102779e-16
7.648658e-06	-5.536872e-08	1.093728e-06	1.458001e-15	4.946006e-17	-3.948292e-16
7.744730e-06	2.931539e-07	1.421031e-06	1.622927e-15	-1.456718e-16	-4.933463e-16
7.886742e-06	6.381722e-07	1.742718e-06	1.786445e-15	-1.994624e-16	-7.545838e-16
8.072508e-06	9.995863e-07	2.018927e-06	2.079496e-15	-5.488978e-16	-9.508679e-16
8.277302e-06	1.373541e-06	2.234121e-06	1.949072e-15	-5.589161e-16	-1.198879e-15
8.462834e-06	1.770102e-06	2.303776e-06	1.963347e-15	-9.225733e-16	-1.314182e-15
8.499098e-06	2.087141e-06	2.082224e-06	1.988464e-15	-1.122333e-15	-1.267149e-15
8.899498e-06	3.050635e-06	1.535995e-06	1.754506e-15	-1.506064e-15	-9.072406e-16
8.852045e-06	3.176873e-06	1.098175e-06	1.766405e-15	-1.557614e-15	-6.609398e-16
9.615949e-06	4.005528e-06	5.754119e-07	1.400687e-15	-1.841326e-15	-2.973354e-16
9.845394e-06	4.193757e-06	2.850565e-07	1.221852e-15	-1.895149e-15	-7.959573e-17
1.021327e-05	4.395918e-06	3.772102e-07	1.225452e-15	-2.515527e-15	-1.473458e-16
1.060188e-05	4.545505e-06	6.548808e-07	1.301151e-15	-2.908711e-15	-5.461946e-16
1.100343e-05	4.653177e-06	9.194711e-07	9.405667e-16	-3.142783e-15	-5.452071e-16
1.137652e-05	4.698899e-06	1.179493e-06	9.141278e-16	-3.599045e-15	-9.804344e-16
1.175095e-05	4.702734e-06	1.431476e-06	6.441789e-16	-4.423715e-15	-1.128065e-15
1.214842e-05	4.674197e-06	1.660761e-06	5.084802e-16	-4.964566e-15	-1.710222e-15
1.254144e-05	4.617692e-06	1.849771e-06	9.314963e-18	-5.253816e-15	-1.449396e-15
1.295310e-05	4.529357e-06	2.002208e-06	-2.750610e-16	-6.522260e-15	-2.066804e-15
1.142591e-05	-4.855863e-06	-1.629072e-07	7.198383e-16	3.143648e-15	1.210309e-16
1.101376e-05	-4.743420e-06	-4.344705e-08	9.903810e-16	3.102815e-15	-7.280886e-17
1.064467e-05	-4.603491e-06	-3.802342e-08	1.227063e-15	2.869455e-15	-1.299486e-16
9.528776e-06	-3.966803e-06	4.108304e-07	1.168272e-15	1.620158e-15	-1.258750e-16
9.209658e-06	-3.704574e-06	4.208598e-07	1.202927e-15	1.305162e-15	-1.244913e-16
8.925443e-06	-3.399535e-06	6.172752e-07	1.334711e-15	1.327657e-15	-3.443979e-16
8.650989e-06	-3.057991e-06	6.978680e-07	1.458834e-15	1.079555e-15	-4.181613e-16
8.401162e-06	-2.727256e-06	6.252343e-07	1.399712e-15	9.895797e-16	-1.469553e-16
8.197714e-06	-2.399998e-06	6.629581e-07	1.279771e-15	7.275461e-16	-1.878141e-16
8.013322e-06	-2.004540e-06	7.735638e-07	1.288118e-15	5.910689e-16	-2.895856e-16
1.121643e-05	-4.742777e-06	-7.438098e-07	1.006327e-15	4.023219e-15	5.784510e-16
1.090783e-05	-4.588569e-06	-1.028761e-06	1.183252e-15	3.111762e-15	5.756424e-16
1.484484e-05	-2.116259e-06	3.844836e-06	-2.302816e-15	3.304858e-15	-1.852432e-15
1.503973e-05	-2.411606e-06	3.533626e-06	-3.047683e-15	4.603862e-15	-2.660243e-15
1.503337e-05	-3.325958e-06	2.697463e-06	-4.426614e-15	6.570702e-15	-2.697677e-15
1.512725e-05	-3.497657e-06	2.373262e-06	-4.348984e-15	6.543347e-15	-1.786969e-15
1.491315e-05	-3.718442e-06	2.262459e-06	-4.139766e-15	7.059040e-15	-1.867433e-15
1.451744e-05	-3.894190e-06	2.344773e-06	-2.979695e-15	6.858042e-15	-3.141733e-15
1.405490e-05	-4.028114e-06	2.462263e-06	-2.904732e-15	7.702269e-15	-3.550834e-15
1.357244e-05	-4.139255e-06	2.546923e-06	-1.238161e-15	5.783797e-15	-3.130426e-15
1.327241e-05	-4.306300e-06	2.365984e-06	-7.972037e-16	6.329203e-15	-3.149200e-15
1.225234e-05	-4.636195e-06	1.786000e-06	1.717973e-16	5.072447e-15	-1.710176e-15
1.210996e-05	-4.768506e-06	1.361901e-06	5.279726e-16	4.478202e-15	-1.169652e-15
1.176646e-05	-4.876675e-06	6.587449e-07	4.825942e-16	3.670732e-15	-3.618751e-16
1.218809e-05	-4.903787e-06	7.712199e-07	3.376471e-16	4.448376e-15	-7.860233e-16
1.261293e-05	-4.893822e-06	8.745519e-07	-2.024999e-16	5.307259e-15	-6.604826e-16
1.364472e-05	-4.834325e-06	2.742563e-07	-1.523603e-15	6.290265e-15	-4.883728e-16
1.405489e-05	-4.712505e-06	3.803655e-07	-2.115790e-15	6.547814e-15	-3.608836e-16
1.488445e-05	-4.371382e-06	-2.324120e-08	-3.743830e-15	6.754592e-15	-5.970316e-17
1.613241e-05	-3.398074e-06	1.659527e-07	-7.884213e-15	7.292739e-15	6.989606e-17
1.626414e-05	-3.215784e-06	4.656336e-07	-1.021503e-14	8.661920e-15	1.159630e-16
1.632235e-05	-3.088920e-06	7.741115e-07	-9.896035e-15	7.819216e-15	-7.266258e-16
1.656243e-05	-2.389019e-06	1.600232e-06	-1.012093e-14	6.643642e-15	-2.309401e-15
1.639509e-05	-2.350899e-06	2.025637e-06	-8.185484e-15	4.852969e-15	-2.324986e-15
1.630192e-05	-1.634845e-06	2.768158e-06	-6.642140e-15	3.614260e-15	-1.843040e-15
1.602083e-05	-1.616855e-06	3.124778e-06	-5.800829e-15	3.017595e-15	-1.452678e-15
1.531990e-05	-1.814976e-06	3.673279e-06	-3.444993e-15	3.177567e-15	-1.721114e-15
1.548584e-05	-2.827363e-06	2.808804e-06	-4.183100e-15	5.013700e-15	-2.430647e-15
1.558611e-05	-3.394081e-06	1.932473e-06	-6.247358e-15	6.923378e-15	-1.443475e-15
1.518933e-05	-4.073888e-06	9.862563e-07	-4.296364e-15	6.889365e-15	-1.014508e-15
1.488389e-05	-4.150037e-06	1.355483e-06	-4.837316e-15	8.270773e-15	-1.738245e-15
1.450996e-05	-4.233082e-06	1.668785e-06	-3.398619e-15	7.869485e-15	-1.761361e-15
1.406765e-05	-4.345239e-06	1.845643e-06	-2.508481e-15	7.404976e-15	-2.191228e-15
1.362842e-05	-4.469776e-06	1.870785e-06	-1.228759e-15	5.989920e-15	-1.729335e-15
1.322883e-05	-4.583251e-06	1.786503e-06	-1.020075e-15	6.346470e-15	-2.359827e-15
1.556456e-05	-1.902281e-06	3.429206e-06	-4.037889e-15	3.318143e-15	-1.353554e-15
1.524833e-05	-4.138627e-06	-2.657905e-07	-4.957260e-15	7.238325e-15	2.691920e-16
1.542872e-05	-4.016581e-06	1.104395e-07	-6.774837e-15	9.319920e-15	-6.537166e-17
7.781839e-06	-1.480132e-06	5.252246e-07	1.242095e-15	3.992880e-16	-1.907492e-16
7.574736e-06	-6.890597e-07	-1.285452e-08	1.220680e-15	1.935896e-16	3.514655e-18
7.550693e-06	-4.102672e-07	-2.543449e-07	1.292797e-15	1.256207e-16	1.096974e-16
7.528120e-06	-1.415645e-08	-1.366500e-07	1.239284e-15	-2.404486e-17	6.841095e-17
7.541078e-06	2.879951e-07	1.867205e-07	1.338605e-15	-6.106609e-17	-8.732391e-17
7.592095e-06	5.559262e-07	5.523875e-07	1.429649e-15	-1.865890e-16	-1.377426e-16
7.689711e-06	8.704102e-07	9.113932e-07	1.454874e-15	-2.218918e-16	-3.204744e-16
7.848596e-06	1.255484e-06	1.212961e-06	1.656492e-15	-5.092045e-16	-4.304010e-16
8.051236e-06	1.656953e-06	1.469051e-06	1.739739e-15	-5.838369e-16	-7.179651e-16
8.256778e-06	2.080310e-06	1.540501e-06	1.711869e-15	-9.088206e-16	-8.183726e-16
8.315512e-06	2.361800e-06	1.255763e-06	1.767539e-15	-1.069468e-15	-6.671410e-16
8.909427e-06	3.359049e-06	6.922058e-07	1.551372e-15	-1.399182e-15	-2.948714e-16
9.012683e-06	3.532112e-06	2.488288e-07	1.334725e-15	-1.409115e-15	-1.256867e-16
9.790592e-06	4.154781e-06	-3.369493e-07	1.209361e-15	-1.778003e-15	1.869700e-16
9.852547e-06	3.970495e-06	-1.405324e-06	1.239128e-15	-1.895882e-15	6.479710e-16
8.908771e-06	3.132211e-06	-1.403041e-06	1.620358e-15	-1.370221e-15	8.937534e-16
8.642956e-06	2.796011e-06	-1.409966e-06	1.471222e-15	-1.143852e-15	5.540499e-16
8.415594e-06	2.432462e-06	-1.435417e-06	1.672545e-15	-9.213315e-16	8.069647e-16
8.237681e-06	2.219383e-06	-1.243431e-06	1.738593e-15	-9.004540e-16	5.843117e-16
7.757251e-06	1.200027e-06	-8.833387e-07	1.275348e-15	-3.465109e-16	2.517503e-16
1.353138e-05	4.517346e-06	1.795221e-06	-1.185918e-15	-6.943340e-15	-1.355123e-15
1.435566e-05	4.466644e-06	1.165455e-06	-2.752522e-15	-7.552187e-15	-1.318332e-15
1.533128e-05	4.078368e-06	-6.653542e-08	-6.947981e-15	-1.061209e-14	2.329060e-16
1.539656e-05	4.011771e-06	-4.132846e-07	-7.352340e-15	-1.106990e-14	2.195511e-15
1.580055e-05	3.678064e-06	-5.231414e-07	-9.820124e-15	-1.038793e-14	1.679165e-15
1.620597e-05	3.288334e-06	-3.787541e-07	-1.214951e-14	-1.129194e-14	1.403945e-15
1.499431e-05	2.553256e-06	-3.461208e-06	-3.117277e-15	-5.010467e-15	2.378293e-15
1.515804e-05	3.224271e-06	-2.696601e-06	-5.368039e-15	-7.090818e-15	3.113392e-15
1.519141e-05	3.459979e-06	-2.343592e-06	-6.471155e-15	-8.695907e-15	3.426664e-15
1.489185e-05	3.714548e-06	-2.283697e-06	-4.537449e-15	-8.102536e-15	2.246340e-15
1.446368e-05	3.879223e-06	-2.415501e-06	-3.223941e-15	-7.803614e-15	2.596815e-15
1.402425e-05	4.069700e-06	-2.410979e-06	-2.430678e-15	-7.878330e-15	3.135766e-15
1.359807e-05	4.229968e-06	-2.355467e-06	-2.059338e-15	-8.134537e-15	4.543266e-15
1.330909e-05	4.409376e-06	-2.145308e-06	-9.983351e-16	-6.943651e-15	3.003043e-15
1.247706e-05	4.686755e-06	-1.643214e-06	-7.893343e-17	-5.918964e-15	1.869883e-15
1.247408e-05	4.803498e-06	-1.229383e-06	1.504551e-16	-6.295887e-15	1.416967e-15
1.128940e-05	4.784445e-06	-5.721329e-07	9.271731e-16	-4.215364e-15	3.954868e-16
1.140428e-05	4.824733e-06	5.109192e-07	7.823087e-16	-3.277153e-15	-2.497140e-16
1.181728e-05	4.893363e-06	5.470947e-07	5.254718e-16	-4.592530e-15	-3.795490e-16
1.223135e-05	4.900867e-06	8.017664e-07	3.502220e-16	-4.576650e-15	-7.662205e-16
1.264965e-05	4.863313e-06	1.000638e-06	-3.601988e-16	-6.295821e-15	-7.880622e-16
1.306349e-05	4.797789e-06	1.159236e-06	-5.171429e-16	-6.230146e-15	-1.361504e-15
1.344452e-05	4.734375e-06	1.200882e-06	-1.142350e-15	-6.177633e-15	-1.115921e-15
1.467784e-05	4.377458e-06	8.963689e-07	-4.747834e-15	-9.372123e-15	-1.163318e-15
1.508845e-05	4.148583e-06	8.855233e-07	-5.927077e-15	-9.730555e-15	-1.415452e-15
1.652090e-05	2.907596e-06	-2.744812e-07	-1.364670e-14	-9.326152e-15	1.247891e-15
1.676771e-05	2.536679e-06	-2.466205e-07	-1.366316e-14	-8.667220e-15	-4.564228e-16
1.104296e-05	4.748797e-06	-2.250036e-07	9.150940e-16	-3.105843e-15	3.295046e-17
1.067494e-05	4.617881e-06	-2.693488e-07	1.057814e-15	-2.602780e-15	8.678495e-17
1.053077e-05	4.520237e-06	-6.515131e-07	1.142536e-15	-2.429517e-15	3.723322e-16
1.001430e-05	4.259297e-06	-6.269599e-07	1.203626e-15	-2.047854e-15	4.423967e-16
1.030544e-05	-4.449599e-06	-1.919392e-07	1.128666e-15	2.506116e-15	3.002993e-16
9.964585e-06	-4.250839e-06	-3.480954e-07	1.463581e-15	2.279352e-15	9.001245e-17
8.876409e-06	-3.400754e-06	-7.867902e-08	1.364831e-15	1.319121e-15	5.391167e-17
8.609964e-06	-3.080826e-06	-2.834256e-07	1.210241e-15	9.446119e-16	1.879815e-17
8.004503e-06	-2.128868e-06	1.148684e-07	1.146852e-15	5.700223e-16	-3.389861e-17
7.838389e-06	-1.732538e-06	-4.528660e-08	1.178380e-15	4.097057e-16	-4.332713e-17
7.764329e-06	-1.481068e-06	-2.945636e-07	1.309186e-15	3.831951e-16	7.456539e-17
7.619409e-06	-4.402850e-07	-8.493890e-07	1.338257e-15	1.506375e-16	2.772834e-16
7.907995e-06	-3.436091e-07	-1.882127e-06	1.584980e-15	1.146355e-16	6.467542e-16
7.983981e-06	-7.065933e-07	-1.960510e-06	1.713213e-15	2.992659e-16	7.657771e-16
8.157699e-06	-9.834628e-07	-2.220592e-06	1.746098e-15	3.736025e-16	9.771659e-16
9.059052e-06	-3.245463e-06	-1.505921e-06	1.774421e-15	1.665033e-15	9.381215e-16
9.045978e-06	-3.413070e-06	-1.031342e-06	1.611425e-15	1.593428e-15	6.211433e-16
9.595926e-06	-3.972492e-06	-6.795775e-07	1.337415e-15	2.036849e-15	4.073465e-16
7.623276e-06	8.748778e-07	-4.114696e-07	1.379577e-15	-2.768500e-16	1.858574e-16
7.606478e-06	5.233020e-07	-7.192630e-07	1.288348e-15	-1.197519e-16	1.856102e-16
7.666682e-06	4.091370e-07	-1.102215e-06	1.414561e-15	-7.231281e-17	3.644265e-16
7.657041e-06	-1.583392e-07	-1.114646e-06	1.486609e-15	5.098250e-17	4.372047e-16
1.274021e-05	-4.737807e-06	1.504440e-06	-2.928803e-16	5.028446e-15	-1.537454e-15
1.304184e-05	-4.808216e-06	1.161110e-06	-4.868266e-16	5.422945e-15	-1.129630e-15
1.419767e-05	-4.559173e-06	1.044436e-06	-2.765611e-15	7.336155e-15	-1.065608e-15
1.450101e-05	-4.484221e-06	7.820424e-07	-3.331850e-15	7.495343e-15	-6.870125e-16
1.480079e-05	-4.350503e-06	7.094577e-07	-4.465591e-15	8.795750e-15	-6.156480e-16
1.557439e-05	-3.876875e-06	4.705800e-07	-6.753328e-15	8.253135e-15	-6.775176e-16
1.567101e-05	-3.735240e-06	8.263816e-07	-7.714497e-15	9.358158e-15	-1.085987e-15
1.617113e-05	-3.120864e-06	1.254009e-06	-8.503349e-15	7.177662e-15	-1.255893e-15
1.621841e-05	-2.924601e-06	1.552634e-06	-8.411695e-15	6.317233e-15	-1.844985e-15
1.574064e-05	-2.893947e-06	2.423758e-06	-6.697488e-15	6.045161e-15	-2.908634e-15
1.600883e-05	-2.902196e-06	2.001082e-06	-7.927248e-15	7.668926e-15	-2.476991e-15
1.616913e-05	-2.326934e-06	2.425270e-06	-7.537447e-15	5.685710e-15	-2.907685e-15
1.598838e-05	-2.109717e-06	2.858067e-06	-6.151988e-15	4.512507e-15	-2.203273e-15
1.395296e-05	4.674957e-06	8.589449e-07	-2.294776e-15	-7.929038e-15	-1.052109e-15
1.460325e-05	4.492261e-06	3.171442e-07	-4.639806e-15	-9.354520e-15	-3.864460e-17
1.502650e-05	4.189019e-06	-8.463733e-07	-6.255564e-15	-1.076314e-14	2.499352e-15
1.468697e-05	4.084762e-06	-1.800008e-06	-4.934346e-15	-9.276828e-15	2.601483e-15
1.228614e-05	4.884147e-06	-8.644503e-07	1.411967e-16	-5.973078e-15	7.051066e-16
1.209662e-05	4.934637e-06	-4.358356e-07	5.456822e-16	-4.822667e-15	3.156306e-16
1.226317e-05	4.967619e-06	-5.253078e-08	3.343986e-16	-4.556914e-15	-3.710152e-17
1.288407e-05	4.931910e-06	-4.525907e-07	-8.400859e-16	-7.120679e-15	6.281795e-16
1.320273e-05	4.892694e-06	5.038154e-07	-8.549927e-16	-7.228601e-15	-6.288840e-16
1.368631e-05	4.818817e-06	2.932664e-07	-1.991059e-15	-7.514823e-15	-6.515379e-16
1.401442e-05	4.725307e-06	2.055138e-08	-3.556964e-15	-1.006783e-14	-1.798113e-16
1.358125e-05	4.797187e-06	-7.392127e-07	-1.319627e-15	-6.920114e-15	1.014563e-15
1.441209e-05	4.502552e-06	-9.014852e-07	-3.238984e-15	-7.766362e-15	1.606012e-15
1.420784e-05	4.641692e-06	-3.920139e-07	-3.320683e-15	-9.545520e-15	1.231225e-15
1.516304e-05	4.015806e-06	-1.215800e-06	-6.020105e-15	-9.837790e-15	2.983515e-15
1.554342e-05	3.710619e-06	-1.286899e-06	-8.447667e-15	-9.673118e-15	3.517441e-15
1.596547e-05	3.362500e-06	-1.163744e-06	-1.055346e-14	-1.085061e-14	3.512546e-15
1.632874e-05	2.971683e-06	-1.104322e-06	-1.144413e-14	-8.439043e-15	2.731842e-15
1.660152e-05	2.589856e-06	-1.085015e-06	-1.304940e-14	-8.866311e-15	1.580285e-15
1.575956e-05	3.302904e-06	-1.775312e-06	-8.629620e-15	-9.525831e-15	4.051881e-15
1.601506e-05	2.956975e-06	-1.894027e-06	-9.485862e-15	-7.914942e-15	3.946822e-15
1.630486e-05	2.600814e-06	-1.860890e-06	-1.082510e-14	-8.148694e-15	3.211435e-15
1.585718e-05	2.700082e-06	-2.482931e-06	-7.572645e-15	-6.441730e-15	3.294173e-15
1.559658e-05	2.618344e-06	-2.874963e-06	-6.375627e-15	-6.663405e-15	3.662502e-15
1.532134e-05	2.523387e-06	-3.231008e-06	-4.144356e-15	-4.671863e-15	2.102964e-15
1.275009e-05	4.960549e-06	-6.638216e-08	-6.140300e-16	-6.669403e-15	3.145998e-17
8.631609e-06	-2.928761e-06	-1.069893e-06	1.541116e-15	1.173133e-15	5.478321e-16
8.087381e-06	-2.238415e-06	-4.557084e-07	1.482503e-15	8.257265e-16	1.738044e-16
7.996488e-06	-1.962992e-06	-7.734651e-07	1.359144e-15	6.177126e-16	2.918955e-16
7.836293e-06	-1.501485e-06	-8.603497e-07	1.281569e-15	3.972278e-16	2.383789e-16
7.800276e-06	-1.196523e-06	-1.103108e-06	1.373042e-15	3.161580e-16	3.438580e-16
7.913895e-06	-1.277561e-06	-1.446748e-06	1.418785e-15	3.556555e-16	5.340251e-16
8.436143e-06	-2.484224e-06	-1.425189e-06	1.578881e-15	1.000136e-15	7.463588e-16
8.211866e-06	-2.164738e-06	-1.278583e-06	1.576603e-15	7.543752e-16	5.975878e-16
8.174014e-06	-1.759506e-06	-1.718630e-06	1.381223e-15	5.375946e-16	6.138793e-16
8.605358e-06	-2.334171e-06	-2.026848e-06	1.872037e-15	1.206385e-15	1.175937e-15
8.554742e-06	-2.029709e-06	-2.245872e-06	1.827128e-15	9.571977e-16	1.251095e-15
8.412073e-06	-1.661609e-06	-2.291289e-06	1.892147e-15	7.719690e-16	1.048715e-15
8.393343e-06	-2.714264e-06	-6.796993e-07	1.415174e-15	9.523377e-16	2.385404e-16
9.035333e-06	-3.507538e-06	-6.242009e-07	1.273343e-15	1.335929e-15	2.782433e-16
7.907260e-06	1.822225e-06	-5.065964e-07	1.443378e-15	-6.634358e-16	2.250254e-16
7.904983e-06	1.884664e-06	-1.432218e-07	1.219399e-15	-5.377207e-16	-3.132777e-18
7.936806e-06	1.778599e-06	8.561602e-07	1.336362e-15	-4.778637e-16	-2.301038e-16
8.138080e-06	2.204382e-06	9.031549e-07	1.447203e-15	-7.954566e-16	-3.270462e-16
8.172996e-06	2.363399e-06	-5.931493e-07	1.481707e-15	-7.408187e-16	3.247557e-16
8.199976e-06	2.480852e-06	2.280203e-07	1.347316e-15	-7.957564e-16	-1.074201e-16
8.401133e-06	2.802730e-06	1.430825e-07	1.442762e-15	-1.016274e-15	-9.358552e-17
8.591350e-06	2.973276e-06	-7.240672e-07	1.489554e-15	-1.152019e-15	3.563762e-16
8.510093e-06	2.940124e-06	-2.675996e-07	1.350257e-15	-1.010451e-15	1.166463e-16
7.626209e-06	9.708961e-07	1.018800e-08	1.459320e-15	-3.497147e-16	1.849745e-17
7.777648e-06	1.541089e-06	5.974428e-08	1.440702e-15	-4.528993e-16	-5.470628e-17
9.088234e-06	3.600932e-06	-2.403337e-07	1.371819e-15	-1.419009e-15	1.155156e-16
9.172995e-06	3.618729e-06	-7.084029e-07	1.384883e-15	-1.534094e-15	3.621690e-16
1.168507e-05	-2.401755e-06	-4.279758e-06	2.043389e-15	3.460246e-15	4.237426e-15
1.109250e-05	-2.800200e-06	-3.860511e-06	2.204429e-15	3.534000e-15	4.226152e-15
8.296317e-06	-1.283971e-06	-2.329342e-06	1.838652e-15	5.793192e-16	1.138676e-15
8.715816e-06	-1.091726e-06	-3.038076e-06	2.115269e-15	6.784692e-16	1.463669e-15
1.440518e-05	4.120824e-06	2.018085e-06	-3.627863e-15	-8.428084e-15	-2.749545e-15
1.505033e-05	3.983765e-06	1.537355e-06	-4.892946e-15	-8.657870e-15	-1.779350e-15
1.502279e-05	-3.905610e-06	1.760032e-06	-4.810834e-15	7.849455e-15	-1.977212e-15
1.526004e-05	-2.659814e-06	3.172889e-06	-4.374107e-15	4.916093e-15	-2.737986e-15
1.571896e-05	-2.144158e-06	3.133390e-06	-4.773529e-15	4.425859e-15	-2.024222e-15
1.653039e-05	2.680140e-06	1.152622e-06	-1.140737e-14	-7.140823e-15	-2.788533e-15
1.662242e-05	2.273567e-06	1.617079e-06	-9.720775e-15	-5.671189e-15	-2.680683e-15
1.341333e-05	-4.820622e-06	8.194893e-07	-1.401496e-15	6.622468e-15	-9.969843e-16
1.381833e-05	-4.613276e-06	1.321816e-06	-1.630296e-15	6.430826e-15	-1.313622e-15
9.132827e-06	3.463907e-06	-1.165134e-06	1.552032e-15	-1.750012e-15	6.646136e-16
9.588666e-06	3.711157e-06	-1.572044e-06	1.490102e-15	-1.785200e-15	9.068314e-16
1.399093e-05	4.577143e-06	-1.236218e-06	-2.665480e-15	-8.133418e-15	2.209734e-15
1.429215e-05	4.254159e-06	-1.840834e-06	-3.373281e-15	-9.042122e-15	2.777839e-15
1.588642e-05	-3.478046e-06	1.091167e-06	-7.808969e-15	8.666566e-15	-1.384665e-15
1.555827e-05	-3.577404e-06	1.619807e-06	-6.441282e-15	7.486697e-15	-1.598709e-15
1.308078e-05	4.625349e-06	-1.724162e-06	-1.139810e-15	-6.959206e-15	2.408486e-15
1.361316e-05	4.690891e-06	-1.196508e-06	-1.743869e-15	-8.185208e-15	2.247514e-15
