2.500000e-05	0.000000e+00	-2.500000e-05	9.878139e-07	8.881022e-12
3.000000e-05	0.000000e+00	-2.500000e-05	1.522642e-06	7.066462e-12
2.977787e-05	1.473765e-06	-2.500000e-05	1.171228e-06	5.431615e-12
2.913120e-05	2.816591e-06	-2.500000e-05	1.227212e-06	5.873882e-12
2.811746e-05	3.909148e-06	-2.500000e-05	1.277818e-06	6.507083e-12
2.682669e-05	4.654376e-06	-2.500000e-05	1.279360e-06	7.013429e-12
2.537367e-05	4.986018e-06	-2.500000e-05	1.372669e-06	8.233790e-12
2.388739e-05	4.874639e-06	-2.500000e-05	1.400463e-06	9.097538e-12
2.250002e-05	4.330137e-06	-2.500000e-05	1.504748e-06	1.074692e-11
2.133473e-05	3.400848e-06	-2.500000e-05	1.503317e-06	1.169722e-11
2.049516e-05	2.169436e-06	-2.500000e-05	1.529701e-06	1.327946e-11
2.005584e-05	7.451841e-07	-2.500000e-05	1.462153e-06	1.355432e-11
2.005584e-05	-7.451997e-07	-2.500000e-05	1.509236e-06	1.398886e-11
2.049516e-05	-2.169428e-06	-2.500000e-05	1.490572e-06	1.285918e-11
2.133474e-05	-3.400862e-06	-2.500000e-05	1.540331e-06	1.210434e-11
2.250000e-05	-4.330125e-06	-2.500000e-05	1.469886e-06	1.038798e-11
2.388741e-05	-4.874643e-06	-2.500000e-05	1.439396e-06	9.428710e-12
2.537365e-05	-4.986020e-06	-2.500000e-05	1.331290e-06	7.962641e-12
2.682673e-05	-4.654360e-06	-2.500000e-05	1.318592e-06	7.261461e-12
2.811743e-05	-3.909168e-06	-2.500000e-05	1.241764e-06	6.302759e-12
2.913121e-05	-2.816575e-06	-2.500000e-05	1.249708e-06	6.004352e-12
2.977786e-05	-1.473791e-06	-2.500000e-05	1.156987e-06	5.397839e-12
3.000000e-05	8.742278e-13	-2.500000e-05	1.248272e-06	5.785128e-12
3.500000e-05	0.000000e+00	-2.500000e-05	1.496680e-07	1.857605e-12
3.455574e-05	2.947508e-06	-2.500000e-05	2.355307e-07	2.562264e-12
3.326241e-05	5.633163e-06	-2.500000e-05	2.209603e-07	2.516606e-12
3.123494e-05	7.818278e-06	-2.500000e-05	1.976548e-07	2.760587e-12
2.865333e-05	9.308768e-06	-2.500000e-05	1.627636e-07	3.258278e-12
2.574738e-05	9.972032e-06	-2.500000e-05	1.196808e-07	3.895460e-12
2.277478e-05	9.749277e-06	-2.500000e-05	-8.842249e-08	5.087370e-12
2.000007e-05	8.660294e-06	-2.500000e-05	-3.938700e-07	6.478228e-12
1.766942e-05	6.801665e-06	-2.500000e-05	-3.719573e-07	7.815414e-12
1.599034e-05	4.338906e-06	-2.500000e-05	-2.586930e-07	8.252504e-12
1.511167e-05	1.490314e-06	-2.500000e-05	-5.685308e-08	8.934159e-12
1.511168e-05	-1.490370e-06	-2.500000e-05	5.159788e-08	8.074773e-12
1.599033e-05	-4.338877e-06	-2.500000e-05	-2.350651e-07	8.644956e-12
1.766947e-05	-6.801716e-06	-2.500000e-05	-5.615252e-07	7.926573e-12
1.999998e-05	-8.660242e-06	-2.500000e-05	-2.985846e-07	6.508931e-12
2.277485e-05	-9.749292e-06	-2.500000e-05	-5.885802e-08	4.964341e-12
2.574728e-05	-9.972039e-06	-2.500000e-05	8.081299e-08	4.001223e-12
2.865350e-05	-9.308702e-06	-2.500000e-05	1.816870e-07	3.212097e-12
3.123484e-05	-7.818360e-06	-2.500000e-05	1.965161e-07	2.786214e-12
3.326245e-05	-5.633103e-06	-2.500000e-05	1.909628e-07	2.505984e-12
3.455571e-05	-2.947614e-06	-2.500000e-05	2.911722e-07	2.339567e-12
3.500000e-05	1.748456e-12	-2.500000e-05	4.212128e-07	3.778621e-12
4.000000e-05	0.000000e+00	-2.500000e-05	9.247936e-06	1.002729e-11
3.933362e-05	4.421229e-06	-2.500000e-05	5.959272e-06	6.452382e-12
3.739364e-05	8.449717e-06	-2.500000e-05	6.345807e-06	7.332800e-12
3.435245e-05	1.172739e-05	-2.500000e-05	6.657065e-06	8.719858e-12
3.047994e-05	1.396317e-05	-2.500000e-05	6.998975e-06	1.060534e-11
2.612112e-05	1.495804e-05	-2.500000e-05	8.031340e-06	1.382472e-11
2.166216e-05	1.462391e-05	-2.500000e-05	9.394129e-06	1.738693e-11
1.750016e-05	1.299047e-05	-2.500000e-05	1.187084e-05	2.217585e-11
1.400409e-05	1.020245e-05	-2.500000e-05	1.309929e-05	2.836760e-11
1.148554e-05	6.508411e-06	-2.500000e-05	1.137783e-05	4.163368e-11
1.016750e-05	2.235391e-06	-2.500000e-05	9.334545e-06	5.155084e-11
1.016752e-05	-2.235516e-06	-2.500000e-05	9.646649e-06	5.150365e-11
1.148551e-05	-6.508340e-06	-2.500000e-05	1.122959e-05	4.119071e-11
1.400420e-05	-1.020256e-05	-2.500000e-05	1.300805e-05	2.937011e-11
1.749995e-05	-1.299035e-05	-2.500000e-05	1.182348e-05	2.163495e-11
2.166231e-05	-1.462395e-05	-2.500000e-05	9.596099e-06	1.774130e-11
2.612091e-05	-1.495806e-05	-2.500000e-05	7.845484e-06	1.361661e-11
3.048031e-05	-1.396303e-05	-2.500000e-05	7.146518e-06	1.084548e-11
3.435222e-05	-1.172757e-05	-2.500000e-05	6.549736e-06	8.589793e-12
3.739373e-05	-8.449580e-06	-2.500000e-05	6.378880e-06	7.406310e-12
3.933355e-05	-4.421470e-06	-2.500000e-05	6.565197e-06	7.062398e-12
4.000000e-05	2.622683e-12	-2.500000e-05	4.155034e-06	4.662687e-12
2.751744e-11	2.500003e-05	-2.500000e-05	-9.879831e-07	1.190462e-12
2.729889e-11	3.000003e-05	-2.500000e-05	-1.522774e-06	5.024151e-13
-1.473738e-06	2.977789e-05	-2.500000e-05	-1.171328e-06	5.339024e-13
-2.816564e-06	2.913123e-05	-2.500000e-05	-1.227322e-06	5.354066e-13
-3.909121e-06	2.811749e-05	-2.500000e-05	-1.277940e-06	6.535686e-13
-4.654349e-06	2.682671e-05	-2.500000e-05	-1.279490e-06	7.164740e-13
-4.985990e-06	2.537370e-05	-2.500000e-05	-1.372822e-06	9.138908e-13
-4.874611e-06	2.388742e-05	-2.500000e-05	-1.400633e-06	1.104825e-12
-4.330110e-06	2.250004e-05	-2.500000e-05	-1.504952e-06	1.414964e-12
-3.400820e-06	2.133475e-05	-2.500000e-05	-1.503544e-06	1.772570e-12
-2.169407e-06	2.049519e-05	-2.500000e-05	-1.529960e-06	2.254605e-12
-7.451544e-07	2.005587e-05	-2.500000e-05	-1.462427e-06	2.740411e-12
7.452293e-07	2.005587e-05	-2.500000e-05	-1.509523e-06	3.098923e-12
2.169458e-06	2.049519e-05	-2.500000e-05	-1.490842e-06	3.176966e-12
3.400890e-06	2.133477e-05	-2.500000e-05	-1.540584e-06	3.013843e-12
4.330152e-06	2.250002e-05	-2.500000e-05	-1.470107e-06	2.635109e-12
4.874671e-06	2.388744e-05	-2.500000e-05	-1.439592e-06	2.264547e-12
4.986047e-06	2.537367e-05	-2.500000e-05	-1.331454e-06	1.795581e-12
4.654388e-06	2.682675e-05	-2.500000e-05	-1.318739e-06	1.461601e-12
3.909196e-06	2.811746e-05	-2.500000e-05	-1.241890e-06	1.080410e-12
2.816604e-06	2.913124e-05	-2.500000e-05	-1.249824e-06	9.028665e-13
1.473818e-06	2.977789e-05	-2.500000e-05	-1.157089e-06	6.161100e-13
2.642466e-11	3.000003e-05	-2.500000e-05	-1.248379e-06	4.480761e-13
2.708033e-11	3.500003e-05	-2.500000e-05	-1.496994e-07	-2.791168e-14
-2.947481e-06	3.455577e-05	-2.500000e-05	-2.355757e-07	1.439511e-13
-5.633136e-06	3.326244e-05	-2.500000e-05	-2.210075e-07	1.838391e-13
-7.818252e-06	3.123497e-05	-2.500000e-05	-1.977071e-07	1.915062e-13
-9.308741e-06	2.865336e-05	-2.500000e-05	-1.628221e-07	2.746967e-13
-9.972005e-06	2.574740e-05	-2.500000e-05	-1.197516e-07	3.657884e-13
-9.749249e-06	2.277481e-05	-2.500000e-05	8.832422e-08	5.102066e-13
-8.660267e-06	2.000010e-05	-2.500000e-05	3.937448e-07	7.976318e-13
-6.801636e-06	1.766945e-05	-2.500000e-05	3.718091e-07	8.084511e-13
-4.338874e-06	1.599037e-05	-2.500000e-05	2.585352e-07	9.305194e-13
-1.490281e-06	1.511170e-05	-2.500000e-05	5.669818e-08	3.611698e-13
1.490405e-06	1.511171e-05	-2.500000e-05	-5.172508e-08	-3.369489e-13
4.338905e-06	1.599036e-05	-2.500000e-05	2.349122e-07	4.790782e-13
6.801749e-06	1.766950e-05	-2.500000e-05	5.613828e-07	9.232909e-13
8.660274e-06	2.000001e-05	-2.500000e-05	2.984583e-07	9.886057e-13
9.749321e-06	2.277488e-05	-2.500000e-05	5.875412e-08	8.309677e-13
9.972067e-06	2.574731e-05	-2.500000e-05	-8.089291e-08	6.273420e-13
9.308730e-06	2.865353e-05	-2.500000e-05	-1.817507e-07	5.432385e-13
7.818388e-06	3.123487e-05	-2.500000e-05	-1.965699e-07	3.895474e-13
5.633131e-06	3.326248e-05	-2.500000e-05	-1.910096e-07	2.878045e-13
2.947642e-06	3.455574e-05	-2.500000e-05	-2.912155e-07	2.176353e-13
2.533188e-11	3.500003e-05	-2.500000e-05	-4.212792e-07	1.270099e-13
2.686177e-11	4.000003e-05	-2.500000e-05	-9.248125e-06	1.272398e-12
-4.421202e-06	3.933365e-05	-2.500000e-05	-5.959402e-06	7.423859e-13
-8.449690e-06	3.739366e-05	-2.500000e-05	-6.345938e-06	7.234278e-13
-1.172736e-05	3.435247e-05	-2.500000e-05	-6.657209e-06	8.295334e-13
-1.396315e-05	3.047997e-05	-2.500000e-05	-6.999179e-06	9.692474e-13
-1.495802e-05	2.612115e-05	-2.500000e-05	-8.031595e-06	1.325105e-12
-1.462388e-05	2.166219e-05	-2.500000e-05	-9.394402e-06	1.788632e-12
-1.299044e-05	1.750018e-05	-2.500000e-05	-1.187122e-05	2.762337e-12
-1.020242e-05	1.400411e-05	-2.500000e-05	-1.309980e-05	4.593455e-12
-6.508376e-06	1.148556e-05	-2.500000e-05	-1.137868e-05	1.094762e-11
-2.235349e-06	1.016752e-05	-2.500000e-05	-9.335768e-06	2.041223e-11
2.235561e-06	1.016755e-05	-2.500000e-05	-9.648017e-06	2.944436e-11
6.508374e-06	1.148554e-05	-2.500000e-05	-1.123080e-05	3.046681e-11
1.020260e-05	1.400423e-05	-2.500000e-05	-1.300896e-05	2.319327e-11
1.299039e-05	1.749999e-05	-2.500000e-05	-1.182410e-05	1.680874e-11
1.462398e-05	2.166235e-05	-2.500000e-05	-9.596568e-06	1.226869e-11
1.495809e-05	2.612094e-05	-2.500000e-05	-7.845837e-06	7.725269e-12
1.396306e-05	3.048034e-05	-2.500000e-05	-7.146776e-06	4.919651e-12
1.172760e-05	3.435225e-05	-2.500000e-05	-6.549924e-06	2.913002e-12
8.449612e-06	3.739376e-05	-2.500000e-05	-6.379038e-06	1.941102e-12
4.421497e-06	3.933358e-05	-2.500000e-05	-6.565334e-06	1.297303e-12
2.423909e-11	4.000003e-05	-2.500000e-05	-4.155119e-06	4.590508e-13
-2.500000e-05	1.421086e-20	-2.500000e-05	9.879576e-07	2.890900e-13
-3.000000e-05	-4.371139e-13	-2.500000e-05	1.522753e-06	4.394951e-13
-2.977787e-05	-1.473765e-06	-2.500000e-05	1.171315e-06	2.556180e-13
-2.913120e-05	-2.816591e-06	-2.500000e-05	1.227306e-06	2.505344e-13
-2.811746e-05	-3.909149e-06	-2.500000e-05	1.277923e-06	2.450814e-13
-2.682669e-05	-4.654376e-06	-2.500000e-05	1.279473e-06	2.176328e-13
-2.537367e-05	-4.986018e-06	-2.500000e-05	1.372801e-06	2.881078e-13
-2.388739e-05	-4.874639e-06	-2.500000e-05	1.400610e-06	2.803641e-13
-2.250002e-05	-4.330137e-06	-2.500000e-05	1.504918e-06	4.490259e-13
-2.133472e-05	-3.400847e-06	-2.500000e-05	1.503506e-06	4.916979e-13
-2.049516e-05	-2.169435e-06	-2.500000e-05	1.529909e-06	7.470272e-13
-2.005584e-05	-7.451827e-07	-2.500000e-05	1.462366e-06	7.762387e-13
-2.005584e-05	7.452002e-07	-2.500000e-05	1.509455e-06	8.646803e-13
-2.049516e-05	2.169430e-06	-2.500000e-05	1.490776e-06	6.444828e-13
-2.133474e-05	3.400862e-06	-2.500000e-05	1.540522e-06	5.744632e-13
-2.250000e-05	4.330125e-06	-2.500000e-05	1.470053e-06	3.430422e-13
-2.388741e-05	4.874643e-06	-2.500000e-05	1.439547e-06	3.357160e-13
-2.537365e-05	4.986019e-06	-2.500000e-05	1.331419e-06	2.136423e-13
-2.682673e-05	4.654359e-06	-2.500000e-05	1.318709e-06	2.415687e-13
-2.811743e-05	3.909168e-06	-2.500000e-05	1.241866e-06	2.092651e-13
-2.913121e-05	2.816575e-06	-2.500000e-05	1.249804e-06	2.430785e-13
-2.977786e-05	1.473791e-06	-2.500000e-05	1.157073e-06	2.644304e-13
-3.000000e-05	-1.311342e-12	-2.500000e-05	1.248363e-06	3.445767e-13
-3.500000e-05	-8.742278e-13	-2.500000e-05	1.496931e-07	3.620814e-13
-3.455574e-05	-2.947509e-06	-2.500000e-05	2.355695e-07	2.397660e-13
-3.326241e-05	-5.633164e-06	-2.500000e-05	2.210001e-07	1.466580e-13
-3.123494e-05	-7.818279e-06	-2.500000e-05	1.976986e-07	1.360863e-13
-2.865333e-05	-9.308768e-06	-2.500000e-05	1.628168e-07	1.127028e-13
-2.574738e-05	-9.972032e-06	-2.500000e-05	1.197450e-07	1.159932e-13
-2.277478e-05	-9.749277e-06	-2.500000e-05	-8.833742e-08	1.561652e-13
-2.000007e-05	-8.660294e-06	-2.500000e-05	-3.937641e-07	2.446034e-13
-1.766942e-05	-6.801663e-06	-2.500000e-05	-3.718229e-07	8.464536e-14
-1.599034e-05	-4.338903e-06	-2.500000e-05	-2.585460e-07	-2.778173e-13
-1.511167e-05	-1.490312e-06	-2.500000e-05	-5.669226e-08	-5.874622e-13
-1.511168e-05	1.490378e-06	-2.500000e-05	5.174762e-08	-9.731947e-13
-1.599033e-05	4.338878e-06	-2.500000e-05	-2.349136e-07	-2.521497e-13
-1.766947e-05	6.801719e-06	-2.500000e-05	-5.613940e-07	2.124324e-13
-1.999998e-05	8.660245e-06	-2.500000e-05	-2.984750e-07	1.741407e-13
-2.277485e-05	9.749293e-06	-2.500000e-05	-5.877157e-08	1.352818e-13
-2.574729e-05	9.972039e-06	-2.500000e-05	8.087934e-08	1.086872e-13
-2.865350e-05	9.308701e-06	-2.500000e-05	1.817417e-07	9.704760e-14
-3.123484e-05	7.818357e-06	-2.500000e-05	1.965625e-07	1.128999e-13
-3.326246e-05	5.633100e-06	-2.500000e-05	1.909954e-07	1.661436e-13
-3.455571e-05	2.947610e-06	-2.500000e-05	2.912101e-07	1.801041e-13
-3.500000e-05	-2.622683e-12	-2.500000e-05	4.212658e-07	5.454814e-13
-4.000000e-05	-1.311342e-12	-2.500000e-05	9.248086e-06	1.028297e-12
-3.933362e-05	-4.421230e-06	-2.500000e-05	5.959372e-06	4.633129e-13
-3.739364e-05	-8.449717e-06	-2.500000e-05	6.345919e-06	4.990867e-13
-3.435245e-05	-1.172739e-05	-2.500000e-05	6.657199e-06	5.382371e-13
-3.047994e-05	-1.396317e-05	-2.500000e-05	6.999136e-06	6.780626e-13
-2.612112e-05	-1.495804e-05	-2.500000e-05	8.031544e-06	9.952017e-13
-2.166216e-05	-1.462391e-05	-2.500000e-05	9.394362e-06	1.445990e-12
-1.750015e-05	-1.299047e-05	-2.500000e-05	1.187115e-05	2.395326e-12
-1.400409e-05	-1.020245e-05	-2.500000e-05	1.309964e-05	4.082058e-12
-1.148554e-05	-6.508405e-06	-2.500000e-05	1.137834e-05	9.216200e-12
-1.016750e-05	-2.235384e-06	-2.500000e-05	9.335159e-06	1.459629e-11
-1.016752e-05	2.235528e-06	-2.500000e-05	9.647271e-06	1.431240e-11
-1.148551e-05	6.508347e-06	-2.500000e-05	1.123010e-05	9.026003e-12
-1.400420e-05	1.020257e-05	-2.500000e-05	1.300845e-05	4.379239e-12
-1.749996e-05	1.299036e-05	-2.500000e-05	1.182376e-05	2.185693e-12
-2.166232e-05	1.462395e-05	-2.500000e-05	9.596329e-06	1.483211e-12
-2.612092e-05	1.495806e-05	-2.500000e-05	7.845702e-06	9.236765e-13
-3.048032e-05	1.396302e-05	-2.500000e-05	7.146666e-06	6.737899e-13
-3.435222e-05	1.172757e-05	-2.500000e-05	6.549868e-06	5.208691e-13
-3.739374e-05	8.449574e-06	-2.500000e-05	6.379006e-06	4.628091e-13
-3.933355e-05	4.421463e-06	-2.500000e-05	6.565292e-06	5.339113e-13
-4.000000e-05	-3.934025e-12	-2.500000e-05	4.155102e-06	6.533365e-13
2.751744e-11	-2.500003e-05	-2.500000e-05	-9.879832e-07	1.240875e-12
2.729889e-11	-3.000003e-05	-2.500000e-05	-1.522773e-06	7.838849e-13
1.473792e-06	-2.977789e-05	-2.500000e-05	-1.171331e-06	7.895680e-13
2.816618e-06	-2.913123e-05	-2.500000e-05	-1.227327e-06	9.757443e-13
3.909176e-06	-2.811749e-05	-2.500000e-05	-1.277948e-06	1.244068e-12
4.654404e-06	-2.682671e-05	-2.500000e-05	-1.279501e-06	1.535361e-12
4.986045e-06	-2.537370e-05	-2.500000e-05	-1.372838e-06	1.934878e-12
4.874667e-06	-2.388742e-05	-2.500000e-05	-1.400653e-06	2.344588e-12
4.330165e-06	-2.250004e-05	-2.500000e-05	-1.504974e-06	2.764600e-12
3.400875e-06	-2.133475e-05	-2.500000e-05	-1.503565e-06	3.103595e-12
2.169462e-06	-2.049519e-05	-2.500000e-05	-1.529977e-06	3.278946e-12
7.452099e-07	-2.005587e-05	-2.500000e-05	-1.462433e-06	3.209991e-12
-7.451739e-07	-2.005587e-05	-2.500000e-05	-1.509517e-06	2.817996e-12
-2.169402e-06	-2.049519e-05	-2.500000e-05	-1.490824e-06	2.353594e-12
-3.400834e-06	-2.133476e-05	-2.500000e-05	-1.540564e-06	1.870774e-12
-4.330097e-06	-2.250002e-05	-2.500000e-05	-1.470084e-06	1.506320e-12
-4.874616e-06	-2.388744e-05	-2.500000e-05	-1.439572e-06	1.211007e-12
-4.985992e-06	-2.537367e-05	-2.500000e-05	-1.331439e-06	9.996601e-13
-4.654332e-06	-2.682676e-05	-2.500000e-05	-1.318727e-06	8.465505e-13
-3.909140e-06	-2.811746e-05	-2.500000e-05	-1.241881e-06	7.246033e-13
-2.816546e-06	-2.913124e-05	-2.500000e-05	-1.249819e-06	6.888465e-13
-1.473762e-06	-2.977789e-05	-2.500000e-05	-1.157087e-06	6.121541e-13
2.817311e-11	-3.000003e-05	-2.500000e-05	-1.248380e-06	6.638082e-13
2.708033e-11	-3.500003e-05	-2.500000e-05	-1.496992e-07	8.339496e-14
2.947535e-06	-3.455577e-05	-2.500000e-05	-2.355769e-07	2.927504e-13
5.633191e-06	-3.326244e-05	-2.500000e-05	-2.210090e-07	3.521961e-13
7.818305e-06	-3.123497e-05	-2.500000e-05	-1.977073e-07	4.785289e-13
9.308795e-06	-2.865336e-05	-2.500000e-05	-1.628268e-07	5.467085e-13
9.972060e-06	-2.574740e-05	-2.500000e-05	-1.197589e-07	7.435777e-13
9.749304e-06	-2.277481e-05	-2.500000e-05	8.832128e-08	8.531765e-13
8.660322e-06	-2.000010e-05	-2.500000e-05	3.937415e-07	1.118475e-12
6.801691e-06	-1.766945e-05	-2.500000e-05	3.718109e-07	9.257311e-13
4.338930e-06	-1.599037e-05	-2.500000e-05	2.585574e-07	4.628543e-14
1.490337e-06	-1.511170e-05	-2.500000e-05	5.670276e-08	2.339675e-13
-1.490353e-06	-1.511171e-05	-2.500000e-05	-5.173695e-08	3.392800e-13
-4.338852e-06	-1.599036e-05	-2.500000e-05	2.349054e-07	7.274605e-13
-6.801693e-06	-1.766950e-05	-2.500000e-05	5.613752e-07	1.119393e-12
-8.660216e-06	-2.000001e-05	-2.500000e-05	2.984598e-07	7.352274e-13
-9.749266e-06	-2.277488e-05	-2.500000e-05	5.875933e-08	5.905937e-13
-9.972012e-06	-2.574731e-05	-2.500000e-05	-8.088926e-08	4.100718e-13
-9.308674e-06	-2.865353e-05	-2.500000e-05	-1.817446e-07	3.229629e-13
-7.818328e-06	-3.123487e-05	-2.500000e-05	-1.965675e-07	2.619285e-13
-5.633070e-06	-3.326249e-05	-2.500000e-05	-1.910031e-07	2.180195e-13
-2.947580e-06	-3.455574e-05	-2.500000e-05	-2.912168e-07	2.199669e-13
2.882879e-11	-3.500003e-05	-2.500000e-05	-4.212760e-07	2.553459e-13
2.686177e-11	-4.000003e-05	-2.500000e-05	-9.248123e-06	1.436905e-12
4.421256e-06	-3.933365e-05	-2.500000e-05	-5.959412e-06	1.335020e-12
8.449744e-06	-3.739366e-05	-2.500000e-05	-6.345940e-06	1.948328e-12
1.172742e-05	-3.435248e-05	-2.500000e-05	-6.657271e-06	3.116975e-12
1.396320e-05	-3.047997e-05	-2.500000e-05	-6.999226e-06	4.825273e-12
1.495807e-05	-2.612115e-05	-2.500000e-05	-8.031695e-06	8.026906e-12
1.462394e-05	-2.166219e-05	-2.500000e-05	-9.394605e-06	1.212464e-11
1.299050e-05	-1.750019e-05	-2.500000e-05	-1.187148e-05	1.724347e-11
1.020248e-05	-1.400412e-05	-2.500000e-05	-1.310014e-05	2.287290e-11
6.508430e-06	-1.148556e-05	-2.500000e-05	-1.137905e-05	3.024841e-11
2.235405e-06	-1.016752e-05	-2.500000e-05	-9.335935e-06	2.989069e-11
-2.235510e-06	-1.016755e-05	-2.500000e-05	-9.647857e-06	2.062571e-11
-6.508323e-06	-1.148554e-05	-2.500000e-05	-1.123043e-05	1.052474e-11
-1.020255e-05	-1.400423e-05	-2.500000e-05	-1.300861e-05	5.054648e-12
-1.299033e-05	-1.749998e-05	-2.500000e-05	-1.182385e-05	2.659131e-12
-1.462392e-05	-2.166235e-05	-2.500000e-05	-9.596380e-06	1.905038e-12
-1.495803e-05	-2.612094e-05	-2.500000e-05	-7.845727e-06	1.357275e-12
-1.396300e-05	-3.048035e-05	-2.500000e-05	-7.146710e-06	1.065936e-12
-1.172754e-05	-3.435226e-05	-2.500000e-05	-6.549894e-06	8.702625e-13
-8.449539e-06	-3.739377e-05	-2.500000e-05	-6.379017e-06	8.253167e-13
-4.421427e-06	-3.933358e-05	-2.500000e-05	-6.565316e-06	9.023414e-13
2.948446e-11	-4.000003e-05	-2.500000e-05	-4.155123e-06	5.876422e-13
2.500000e-05	0.000000e+00	2.500000e-05	-9.878134e-07	-8.919931e-12
3.000000e-05	0.000000e+00	2.500000e-05	-1.522643e-06	-6.984495e-12
3.500000e-05	0.000000e+00	2.500000e-05	-1.496685e-07	-1.802286e-12
4.000000e-05	0.000000e+00	2.500000e-05	-9.247936e-06	-1.011058e-11
2.977787e-05	1.473765e-06	2.500000e-05	-1.171228e-06	-5.433449e-12
3.455574e-05	2.947508e-06	2.500000e-05	-2.355308e-07	-2.543431e-12
3.933362e-05	4.421229e-06	2.500000e-05	-5.959271e-06	-6.547201e-12
2.913120e-05	2.816591e-06	2.500000e-05	-1.227212e-06	-5.870892e-12
3.326241e-05	5.633163e-06	2.500000e-05	-2.209603e-07	-2.515716e-12
3.739364e-05	8.449717e-06	2.500000e-05	-6.345806e-06	-7.440310e-12
2.811746e-05	3.909148e-06	2.500000e-05	-1.277818e-06	-6.528366e-12
3.123494e-05	7.818278e-06	2.500000e-05	-1.976548e-07	-2.758665e-12
3.435245e-05	1.172739e-05	2.500000e-05	-6.657064e-06	-8.852325e-12
2.682669e-05	4.654376e-06	2.500000e-05	-1.279359e-06	-7.032223e-12
2.865333e-05	9.308768e-06	2.500000e-05	-1.627634e-07	-3.271053e-12
3.047994e-05	1.396317e-05	2.500000e-05	-6.998974e-06	-1.075083e-11
2.537367e-05	4.986018e-06	2.500000e-05	-1.372668e-06	-8.272298e-12
2.574738e-05	9.972032e-06	2.500000e-05	-1.196806e-07	-3.913080e-12
2.612112e-05	1.495804e-05	2.500000e-05	-8.031338e-06	-1.399015e-11
2.388739e-05	4.874639e-06	2.500000e-05	-1.400462e-06	-9.136869e-12
2.277478e-05	9.749277e-06	2.500000e-05	8.842283e-08	-5.117544e-12
2.166216e-05	1.462391e-05	2.500000e-05	-9.394127e-06	-1.756348e-11
2.250002e-05	4.330137e-06	2.500000e-05	-1.504747e-06	-1.079939e-11
2.000007e-05	8.660294e-06	2.500000e-05	3.938705e-07	-6.519021e-12
1.750016e-05	1.299047e-05	2.500000e-05	-1.187084e-05	-2.234930e-11
2.133473e-05	3.400848e-06	2.500000e-05	-1.503316e-06	-1.174992e-11
1.766942e-05	6.801665e-06	2.500000e-05	3.719578e-07	-7.859623e-12
1.400409e-05	1.020245e-05	2.500000e-05	-1.309929e-05	-2.854817e-11
2.049516e-05	2.169436e-06	2.500000e-05	-1.529700e-06	-1.333852e-11
1.599034e-05	4.338906e-06	2.500000e-05	2.586936e-07	-8.298513e-12
1.148554e-05	6.508411e-06	2.500000e-05	-1.137782e-05	-4.183021e-11
2.005584e-05	7.451841e-07	2.500000e-05	-1.462152e-06	-1.360882e-11
1.511167e-05	1.490314e-06	2.500000e-05	5.685362e-08	-8.974793e-12
1.016750e-05	2.235391e-06	2.500000e-05	-9.334543e-06	-5.175840e-11
2.005584e-05	-7.451997e-07	2.500000e-05	-1.509235e-06	-1.404374e-11
1.511168e-05	-1.490370e-06	2.500000e-05	-5.159726e-08	-8.110220e-12
1.016752e-05	-2.235516e-06	2.500000e-05	-9.646648e-06	-5.168623e-11
2.049516e-05	-2.169428e-06	2.500000e-05	-1.490571e-06	-1.290225e-11
1.599033e-05	-4.338877e-06	2.500000e-05	2.350656e-07	-8.677253e-12
1.148551e-05	-6.508340e-06	2.500000e-05	-1.122959e-05	-4.133285e-11
2.133474e-05	-3.400862e-06	2.500000e-05	-1.540330e-06	-1.214639e-11
1.766947e-05	-6.801716e-06	2.500000e-05	5.615257e-07	-7.952257e-12
1.400420e-05	-1.020256e-05	2.500000e-05	-1.300805e-05	-2.947952e-11
2.250000e-05	-4.330125e-06	2.500000e-05	-1.469885e-06	-1.041323e-11
1.999998e-05	-8.660242e-06	2.500000e-05	2.985850e-07	-6.528823e-12
1.749995e-05	-1.299035e-05	2.500000e-05	-1.182348e-05	-2.172825e-11
2.388741e-05	-4.874643e-06	2.500000e-05	-1.439396e-06	-9.456259e-12
2.277485e-05	-9.749292e-06	2.500000e-05	5.885834e-08	-4.969714e-12
2.166231e-05	-1.462395e-05	2.500000e-05	-9.596098e-06	-1.784504e-11
2.537365e-05	-4.986020e-06	2.500000e-05	-1.331290e-06	-7.970194e-12
2.574728e-05	-9.972039e-06	2.500000e-05	-8.081278e-08	-4.006471e-12
2.612091e-05	-1.495806e-05	2.500000e-05	-7.845483e-06	-1.371186e-11
2.682673e-05	-4.654360e-06	2.500000e-05	-1.318592e-06	-7.275959e-12
2.865350e-05	-9.308702e-06	2.500000e-05	-1.816869e-07	-3.202629e-12
3.048031e-05	-1.396303e-05	2.500000e-05	-7.146517e-06	-1.094589e-11
2.811743e-05	-3.909168e-06	2.500000e-05	-1.241764e-06	-6.294951e-12
3.123484e-05	-7.818360e-06	2.500000e-05	-1.965160e-07	-2.782086e-12
3.435222e-05	-1.172757e-05	2.500000e-05	-6.549735e-06	-8.674733e-12
2.913121e-05	-2.816575e-06	2.500000e-05	-1.249708e-06	-6.008530e-12
3.326245e-05	-5.633103e-06	2.500000e-05	-1.909629e-07	-2.486353e-12
3.739373e-05	-8.449580e-06	2.500000e-05	-6.378879e-06	-7.498133e-12
2.977786e-05	-1.473791e-06	2.500000e-05	-1.156987e-06	-5.375879e-12
3.455571e-05	-2.947614e-06	2.500000e-05	-2.911722e-07	-2.328931e-12
3.933355e-05	-4.421470e-06	2.500000e-05	-6.565196e-06	-7.146265e-12
3.000000e-05	8.742278e-13	2.500000e-05	-1.248272e-06	-5.730887e-12
3.500000e-05	1.748456e-12	2.500000e-05	-4.212133e-07	-3.712149e-12
4.000000e-05	2.622683e-12	2.500000e-05	-4.155034e-06	-4.664229e-12
2.751744e-11	2.500003e-05	2.500000e-05	9.879832e-07	-1.243896e-12
2.729889e-11	3.000003e-05	2.500000e-05	1.522773e-06	-7.106735e-13
2.708033e-11	3.500003e-05	2.500000e-05	1.496988e-07	-4.510633e-14
2.686177e-11	4.000003e-05	2.500000e-05	9.248125e-06	-1.457458e-12
-1.473738e-06	2.977789e-05	2.500000e-05	1.171328e-06	-6.133991e-13
-2.947481e-06	3.455577e-05	2.500000e-05	2.355754e-07	-1.953386e-13
-4.421202e-06	3.933365e-05	2.500000e-05	5.959402e-06	-8.242809e-13
-2.816564e-06	2.913123e-05	2.500000e-05	1.227322e-06	-6.393637e-13
-5.633136e-06	3.326244e-05	2.500000e-05	2.210074e-07	-2.205863e-13
-8.449690e-06	3.739366e-05	2.500000e-05	6.345938e-06	-8.157050e-13
-3.909121e-06	2.811749e-05	2.500000e-05	1.277939e-06	-7.327849e-13
-7.818252e-06	3.123497e-05	2.500000e-05	1.977070e-07	-2.425202e-13
-1.172736e-05	3.435247e-05	2.500000e-05	6.657209e-06	-9.077178e-13
-4.654349e-06	2.682671e-05	2.500000e-05	1.279490e-06	-8.227799e-13
-9.308741e-06	2.865336e-05	2.500000e-05	1.628221e-07	-3.128862e-13
-1.396315e-05	3.047997e-05	2.500000e-05	6.999179e-06	-1.059100e-12
-4.985990e-06	2.537370e-05	2.500000e-05	1.372822e-06	-9.964028e-13
-9.972005e-06	2.574740e-05	2.500000e-05	1.197517e-07	-4.202771e-13
-1.495802e-05	2.612115e-05	2.500000e-05	8.031595e-06	-1.402849e-12
-4.874611e-06	2.388742e-05	2.500000e-05	1.400633e-06	-1.216852e-12
-9.749249e-06	2.277481e-05	2.500000e-05	-8.832411e-08	-5.521646e-13
-1.462388e-05	2.166219e-05	2.500000e-05	9.394402e-06	-1.879648e-12
-4.330110e-06	2.250004e-05	2.500000e-05	1.504952e-06	-1.502660e-12
-8.660267e-06	2.000010e-05	2.500000e-05	-3.937445e-07	-8.585574e-13
-1.299044e-05	1.750018e-05	2.500000e-05	1.187122e-05	-2.842183e-12
-3.400820e-06	2.133475e-05	2.500000e-05	1.503544e-06	-1.891505e-12
-6.801636e-06	1.766945e-05	2.500000e-05	-3.718088e-07	-8.549584e-13
-1.020242e-05	1.400411e-05	2.500000e-05	1.309980e-05	-4.694593e-12
-2.169407e-06	2.049519e-05	2.500000e-05	1.529961e-06	-2.348346e-12
-4.338874e-06	1.599037e-05	2.500000e-05	-2.585348e-07	-9.950011e-13
-6.508376e-06	1.148556e-05	2.500000e-05	1.137868e-05	-1.106191e-11
-7.451544e-07	2.005587e-05	2.500000e-05	1.462427e-06	-2.865679e-12
-1.490281e-06	1.511170e-05	2.500000e-05	-5.669790e-08	-4.078351e-13
-2.235349e-06	1.016752e-05	2.500000e-05	9.335769e-06	-2.057573e-11
7.452293e-07	2.005587e-05	2.500000e-05	1.509523e-06	-3.197159e-12
1.490405e-06	1.511171e-05	2.500000e-05	5.172545e-08	2.751500e-13
2.235561e-06	1.016755e-05	2.500000e-05	9.648019e-06	-2.962415e-11
2.169458e-06	2.049519e-05	2.500000e-05	1.490843e-06	-3.303974e-12
4.338905e-06	1.599036e-05	2.500000e-05	-2.349119e-07	-5.269136e-13
6.508374e-06	1.148554e-05	2.500000e-05	1.123080e-05	-3.066738e-11
3.400890e-06	2.133477e-05	2.500000e-05	1.540585e-06	-3.111605e-12
6.801749e-06	1.766950e-05	2.500000e-05	-5.613825e-07	-9.881301e-13
1.020260e-05	1.400423e-05	2.500000e-05	1.300896e-05	-2.336759e-11
4.330152e-06	2.250002e-05	2.500000e-05	1.470108e-06	-2.758182e-12
8.660274e-06	2.000001e-05	2.500000e-05	-2.984581e-07	-1.034816e-12
1.299039e-05	1.749999e-05	2.500000e-05	1.182411e-05	-1.699193e-11
4.874671e-06	2.388744e-05	2.500000e-05	1.439592e-06	-2.357877e-12
9.749321e-06	2.277488e-05	2.500000e-05	-5.875398e-08	-8.875217e-13
1.462398e-05	2.166235e-05	2.500000e-05	9.596569e-06	-1.243929e-11
4.986047e-06	2.537367e-05	2.500000e-05	1.331455e-06	-1.911673e-12
9.972067e-06	2.574731e-05	2.500000e-05	8.089296e-08	-6.671568e-13
1.495809e-05	2.612094e-05	2.500000e-05	7.845838e-06	-7.893619e-12
4.654388e-06	2.682675e-05	2.500000e-05	1.318739e-06	-1.548620e-12
9.308730e-06	2.865353e-05	2.500000e-05	1.817507e-07	-5.952157e-13
1.396306e-05	3.048034e-05	2.500000e-05	7.146777e-06	-5.057736e-12
3.909196e-06	2.811746e-05	2.500000e-05	1.241890e-06	-1.189432e-12
7.818388e-06	3.123487e-05	2.500000e-05	1.965698e-07	-4.267985e-13
1.172760e-05	3.435225e-05	2.500000e-05	6.549924e-06	-3.044328e-12
2.816604e-06	2.913124e-05	2.500000e-05	1.249824e-06	-9.851035e-13
5.633131e-06	3.326248e-05	2.500000e-05	1.910094e-07	-3.381948e-13
8.449612e-06	3.739376e-05	2.500000e-05	6.379039e-06	-2.047469e-12
1.473818e-06	2.977789e-05	2.500000e-05	1.157089e-06	-7.229111e-13
2.947642e-06	3.455574e-05	2.500000e-05	2.912153e-07	-2.554800e-13
4.421497e-06	3.933358e-05	2.500000e-05	6.565334e-06	-1.408592e-12
2.642466e-11	3.000003e-05	2.500000e-05	1.248379e-06	-6.015394e-13
2.533188e-11	3.500003e-05	2.500000e-05	4.212785e-07	-2.326701e-13
2.423909e-11	4.000003e-05	2.500000e-05	4.155118e-06	-5.795637e-13
-2.500000e-05	1.421086e-20	2.500000e-05	-9.879575e-07	-2.847159e-13
-3.000000e-05	-4.371139e-13	2.500000e-05	-1.522754e-06	-3.281083e-13
-3.500000e-05	-8.742278e-13	2.500000e-05	-1.496936e-07	-3.049338e-13
-4.000000e-05	-1.311342e-12	2.500000e-05	-9.248087e-06	-9.657718e-13
-2.977787e-05	-1.473765e-06	2.500000e-05	-1.171315e-06	-2.214152e-13
-3.455574e-05	-2.947509e-06	2.500000e-05	-2.355698e-07	-2.055527e-13
-3.933362e-05	-4.421230e-06	2.500000e-05	-5.959372e-06	-4.506190e-13
-2.913120e-05	-2.816591e-06	2.500000e-05	-1.227307e-06	-2.064284e-13
-3.326241e-05	-5.633164e-06	2.500000e-05	-2.210003e-07	-1.266654e-13
-3.739364e-05	-8.449717e-06	2.500000e-05	-6.345920e-06	-4.824442e-13
-2.811746e-05	-3.909149e-06	2.500000e-05	-1.277923e-06	-2.190860e-13
-3.123494e-05	-7.818279e-06	2.500000e-05	-1.976987e-07	-1.103287e-13
-3.435245e-05	-1.172739e-05	2.500000e-05	-6.657199e-06	-5.343953e-13
-2.682669e-05	-4.654376e-06	2.500000e-05	-1.279473e-06	-1.848406e-13
-2.865333e-05	-9.308768e-06	2.500000e-05	-1.628168e-07	-9.822195e-14
-3.047994e-05	-1.396317e-05	2.500000e-05	-6.999136e-06	-6.714335e-13
-2.537367e-05	-4.986018e-06	2.500000e-05	-1.372801e-06	-2.711799e-13
-2.574738e-05	-9.972032e-06	2.500000e-05	-1.197449e-07	-9.887051e-14
-2.612112e-05	-1.495804e-05	2.500000e-05	-8.031544e-06	-1.000737e-12
-2.388739e-05	-4.874639e-06	2.500000e-05	-1.400610e-06	-2.609197e-13
-2.277478e-05	-9.749277e-06	2.500000e-05	8.833751e-08	-1.488250e-13
-2.166216e-05	-1.462391e-05	2.500000e-05	-9.394362e-06	-1.451556e-12
-2.250002e-05	-4.330137e-06	2.500000e-05	-1.504918e-06	-4.423486e-13
-2.000007e-05	-8.660294e-06	2.500000e-05	3.937643e-07	-2.391891e-13
-1.750015e-05	-1.299047e-05	2.500000e-05	-1.187115e-05	-2.411877e-12
-2.133472e-05	-3.400847e-06	2.500000e-05	-1.503505e-06	-4.862126e-13
-1.766942e-05	-6.801663e-06	2.500000e-05	3.718231e-07	-8.546665e-14
-1.400409e-05	-1.020245e-05	2.500000e-05	-1.309964e-05	-4.108712e-12
-2.049516e-05	-2.169435e-06	2.500000e-05	-1.529908e-06	-7.503182e-13
-1.599034e-05	-4.338903e-06	2.500000e-05	2.585463e-07	2.735521e-13
-1.148554e-05	-6.508405e-06	2.500000e-05	-1.137834e-05	-9.272080e-12
-2.005584e-05	-7.451827e-07	2.500000e-05	-1.462366e-06	-7.822760e-13
-1.511167e-05	-1.490312e-06	2.500000e-05	5.669249e-08	5.816385e-13
-1.016750e-05	-2.235384e-06	2.500000e-05	-9.335158e-06	-1.468494e-11
-2.005584e-05	7.452002e-07	2.500000e-05	-1.509454e-06	-8.740140e-13
-1.511168e-05	1.490378e-06	2.500000e-05	-5.174730e-08	9.625048e-13
-1.016752e-05	2.235528e-06	2.500000e-05	-9.647270e-06	-1.440753e-11
-2.049516e-05	2.169430e-06	2.500000e-05	-1.490775e-06	-6.539659e-13
-1.599033e-05	4.338878e-06	2.500000e-05	2.349139e-07	2.404021e-13
-1.148551e-05	6.508347e-06	2.500000e-05	-1.123010e-05	-9.117688e-12
-2.133474e-05	3.400862e-06	2.500000e-05	-1.540522e-06	-5.823624e-13
-1.766947e-05	6.801719e-06	2.500000e-05	5.613943e-07	-2.302345e-13
-1.400420e-05	1.020257e-05	2.500000e-05	-1.300845e-05	-4.446330e-12
-2.250000e-05	4.330125e-06	2.500000e-05	-1.470052e-06	-3.461222e-13
-1.999998e-05	8.660245e-06	2.500000e-05	2.984752e-07	-1.848929e-13
-1.749996e-05	1.299036e-05	2.500000e-05	-1.182376e-05	-2.248260e-12
-2.388741e-05	4.874643e-06	2.500000e-05	-1.439547e-06	-3.357619e-13
-2.277485e-05	9.749293e-06	2.500000e-05	5.877168e-08	-1.428001e-13
-2.166232e-05	1.462395e-05	2.500000e-05	-9.596329e-06	-1.529195e-12
-2.537365e-05	4.986019e-06	2.500000e-05	-1.331419e-06	-2.029306e-13
-2.574729e-05	9.972039e-06	2.500000e-05	-8.087932e-08	-1.094552e-13
-2.612092e-05	1.495806e-05	2.500000e-05	-7.845702e-06	-9.596593e-13
-2.682673e-05	4.654359e-06	2.500000e-05	-1.318709e-06	-2.298260e-13
-2.865350e-05	9.308701e-06	2.500000e-05	-1.817417e-07	-8.933200e-14
-3.048032e-05	1.396302e-05	2.500000e-05	-7.146666e-06	-6.966997e-13
-2.811743e-05	3.909168e-06	2.500000e-05	-1.241866e-06	-1.812562e-13
-3.123484e-05	7.818357e-06	2.500000e-05	-1.965626e-07	-1.029532e-13
-3.435222e-05	1.172757e-05	2.500000e-05	-6.549868e-06	-5.291486e-13
-2.913121e-05	2.816575e-06	2.500000e-05	-1.249804e-06	-2.184804e-13
-3.326246e-05	5.633100e-06	2.500000e-05	-1.909956e-07	-1.434403e-13
-3.739374e-05	8.449574e-06	2.500000e-05	-6.379006e-06	-4.654307e-13
-2.977786e-05	1.473791e-06	2.500000e-05	-1.157073e-06	-2.180077e-13
-3.455571e-05	2.947610e-06	2.500000e-05	-2.912103e-07	-1.592601e-13
-3.933355e-05	4.421463e-06	2.500000e-05	-6.565292e-06	-5.198014e-13
-3.000000e-05	-1.311342e-12	2.500000e-05	-1.248363e-06	-2.640440e-13
-3.500000e-05	-2.622683e-12	2.500000e-05	-4.212666e-07	-4.668350e-13
-4.000000e-05	-3.934025e-12	2.500000e-05	-4.155103e-06	-5.949097e-13
2.751744e-11	-2.500003e-05	2.500000e-05	9.879832e-07	-1.237194e-12
2.729889e-11	-3.000003e-05	2.500000e-05	1.522772e-06	-6.695765e-13
2.708033e-11	-3.500003e-05	2.500000e-05	1.496987e-07	-2.317330e-14
2.686177e-11	-4.000003e-05	2.500000e-05	9.248122e-06	-1.384658e-12
1.473792e-06	-2.977789e-05	2.500000e-05	1.171331e-06	-7.578785e-13
2.947535e-06	-3.455577e-05	2.500000e-05	2.355766e-07	-2.580391e-13
4.421256e-06	-3.933365e-05	2.500000e-05	5.959412e-06	-1.339693e-12
2.816618e-06	-2.913123e-05	2.500000e-05	1.227327e-06	-9.343706e-13
5.633191e-06	-3.326244e-05	2.500000e-05	2.210089e-07	-3.323831e-13
8.449744e-06	-3.739366e-05	2.500000e-05	6.345940e-06	-1.956201e-12
3.909176e-06	-2.811749e-05	2.500000e-05	1.277948e-06	-1.222790e-12
7.818305e-06	-3.123497e-05	2.500000e-05	1.977072e-07	-4.526379e-13
1.172742e-05	-3.435248e-05	2.500000e-05	6.657272e-06	-3.148666e-12
4.654404e-06	-2.682671e-05	2.500000e-05	1.279501e-06	-1.506881e-12
9.308795e-06	-2.865336e-05	2.500000e-05	1.628268e-07	-5.325049e-13
1.396320e-05	-3.047997e-05	2.500000e-05	6.999226e-06	-4.863848e-12
4.986045e-06	-2.537370e-05	2.500000e-05	1.372838e-06	-1.923838e-12
9.972060e-06	-2.574740e-05	2.500000e-05	1.197590e-07	-7.257003e-13
1.495807e-05	-2.612115e-05	2.500000e-05	8.031696e-06	-8.090481e-12
4.874667e-06	-2.388742e-05	2.500000e-05	1.400653e-06	-2.329213e-12
9.749304e-06	-2.277481e-05	2.500000e-05	-8.832117e-08	-8.463102e-13
1.462394e-05	-2.166219e-05	2.500000e-05	9.394606e-06	-1.219454e-11
4.330165e-06	-2.250004e-05	2.500000e-05	1.504974e-06	-2.762782e-12
8.660322e-06	-2.000010e-05	2.500000e-05	-3.937412e-07	-1.112551e-12
1.299050e-05	-1.750019e-05	2.500000e-05	1.187148e-05	-1.732403e-11
3.400875e-06	-2.133475e-05	2.500000e-05	1.503566e-06	-3.098748e-12
6.801691e-06	-1.766945e-05	2.500000e-05	-3.718107e-07	-9.267929e-13
1.020248e-05	-1.400412e-05	2.500000e-05	1.310014e-05	-2.295721e-11
2.169462e-06	-2.049519e-05	2.500000e-05	1.529977e-06	-3.283019e-12
4.338930e-06	-1.599037e-05	2.500000e-05	-2.585570e-07	-4.605023e-14
6.508430e-06	-1.148556e-05	2.500000e-05	1.137905e-05	-3.035759e-11
7.452099e-07	-2.005587e-05	2.500000e-05	1.462434e-06	-3.209785e-12
1.490337e-06	-1.511170e-05	2.500000e-05	-5.670250e-08	-2.361244e-13
2.235405e-06	-1.016752e-05	2.500000e-05	9.335937e-06	-3.000470e-11
-7.451739e-07	-2.005587e-05	2.500000e-05	1.509517e-06	-2.821550e-12
-1.490353e-06	-1.511171e-05	2.500000e-05	5.173730e-08	-3.404292e-13
-2.235510e-06	-1.016755e-05	2.500000e-05	9.647858e-06	-2.071576e-11
-2.169402e-06	-2.049519e-05	2.500000e-05	1.490824e-06	-2.349003e-12
-4.338852e-06	-1.599036e-05	2.500000e-05	-2.349051e-07	-7.298774e-13
-6.508323e-06	-1.148554e-05	2.500000e-05	1.123043e-05	-1.057959e-11
-3.400834e-06	-2.133476e-05	2.500000e-05	1.540565e-06	-1.867768e-12
-6.801693e-06	-1.766950e-05	2.500000e-05	-5.613749e-07	-1.118950e-12
-1.020255e-05	-1.400423e-05	2.500000e-05	1.300861e-05	-5.084133e-12
-4.330097e-06	-2.250002e-05	2.500000e-05	1.470084e-06	-1.491610e-12
-8.660216e-06	-2.000001e-05	2.500000e-05	-2.984597e-07	-7.325687e-13
-1.299033e-05	-1.749998e-05	2.500000e-05	1.182385e-05	-2.671847e-12
-4.874616e-06	-2.388744e-05	2.500000e-05	1.439572e-06	-1.199268e-12
-9.749266e-06	-2.277488e-05	2.500000e-05	-5.875920e-08	-5.791076e-13
-1.462392e-05	-2.166235e-05	2.500000e-05	9.596380e-06	-1.917025e-12
-4.985992e-06	-2.537367e-05	2.500000e-05	1.331439e-06	-9.730362e-13
-9.972012e-06	-2.574731e-05	2.500000e-05	8.088930e-08	-3.995761e-13
-1.495803e-05	-2.612094e-05	2.500000e-05	7.845727e-06	-1.358909e-12
-4.654332e-06	-2.682676e-05	2.500000e-05	1.318727e-06	-8.259733e-13
-9.308674e-06	-2.865353e-05	2.500000e-05	1.817445e-07	-3.016513e-13
-1.396300e-05	-3.048035e-05	2.500000e-05	7.146711e-06	-1.070642e-12
-3.909140e-06	-2.811746e-05	2.500000e-05	1.241881e-06	-6.863144e-13
-7.818328e-06	-3.123487e-05	2.500000e-05	1.965674e-07	-2.450312e-13
-1.172754e-05	-3.435226e-05	2.500000e-05	6.549894e-06	-8.631374e-13
-2.816546e-06	-2.913124e-05	2.500000e-05	1.249819e-06	-6.603205e-13
-5.633070e-06	-3.326249e-05	2.500000e-05	1.910029e-07	-1.880199e-13
-8.449539e-06	-3.739377e-05	2.500000e-05	6.379017e-06	-8.246894e-13
-1.473762e-06	-2.977789e-05	2.500000e-05	1.157086e-06	-5.624762e-13
-2.947580e-06	-3.455574e-05	2.500000e-05	2.912166e-07	-1.967622e-13
-4.421427e-06	-3.933358e-05	2.500000e-05	6.565316e-06	-8.906086e-13
2.817311e-11	-3.000003e-05	2.500000e-05	1.248379e-06	-5.817133e-13
2.882879e-11	-3.500003e-05	2.500000e-05	4.212752e-07	-1.730507e-13
2.948446e-11	-4.000003e-05	2.500000e-05	4.155122e-06	-5.289687e-13
1.250000e-05	3.750518e-15	-5.000000e-06	2.700218e-08	-1.614468e-09
1.250000e-05	0.000000e+00	5.000000e-06	-2.695889e-08	1.610120e-09
1.347546e-05	0.000000e+00	-4.903924e-06	3.221896e-08	-1.928967e-09
1.441343e-05	0.000000e+00	-4.619394e-06	3.500217e-08	-2.098880e-09
1.527786e-05	0.000000e+00	-4.157342e-06	3.483312e-08	-2.090107e-09
1.603554e-05	0.000000e+00	-3.535525e-06	3.172875e-08	-1.905962e-09
1.665736e-05	0.000000e+00	-2.777839e-06	2.602410e-08	-1.563536e-09
1.711940e-05	0.000000e+00	-1.913403e-06	1.841316e-08	-1.106219e-09
1.740393e-05	0.000000e+00	-9.754342e-07	9.579428e-09	-5.764860e-10
1.750000e-05	0.000000e+00	1.873616e-11	6.354380e-11	-4.363133e-12
1.740392e-05	0.000000e+00	9.754701e-07	-9.458355e-09	5.687273e-10
1.711939e-05	0.000000e+00	1.913436e-06	-1.836075e-08	1.104664e-09
1.665733e-05	0.000000e+00	2.777870e-06	-2.604646e-08	1.567463e-09
1.603552e-05	0.000000e+00	3.535551e-06	-3.177208e-08	1.911393e-09
1.527783e-05	0.000000e+00	4.157362e-06	-3.487280e-08	2.094320e-09
1.441339e-05	0.000000e+00	4.619408e-06	-3.497762e-08	2.095816e-09
1.347542e-05	0.000000e+00	4.903932e-06	-3.219445e-08	1.926343e-09
1.392893e-05	-8.330002e-07	-4.718502e-06	3.287515e-08	-1.969376e-09
1.481978e-05	-8.335769e-07	-4.350147e-06	3.421603e-08	-2.051725e-09
1.562338e-05	-8.341599e-07	-3.814271e-06	3.266316e-08	-1.961266e-09
1.629321e-05	-7.752814e-07	-3.163939e-06	2.852501e-08	-1.713141e-09
1.684218e-05	-7.592620e-07	-2.359865e-06	2.209898e-08	-1.328894e-09
1.722089e-05	-7.399617e-07	-1.471625e-06	1.395480e-08	-8.391094e-10
1.741949e-05	-7.252728e-07	-5.220874e-07	4.799914e-09	-2.872706e-10
1.742684e-05	-7.244002e-07	4.488847e-07	-4.578390e-09	2.770309e-10
1.724468e-05	-7.331740e-07	1.396588e-06	-1.364253e-08	8.223567e-10
1.688915e-05	-7.021743e-07	2.289616e-06	-2.185405e-08	1.317768e-09
1.634270e-05	-7.026059e-07	3.120901e-06	-2.867742e-08	1.728463e-09
1.563234e-05	-7.171735e-07	3.830678e-06	-3.304907e-08	1.988533e-09
1.482862e-05	-8.342301e-07	4.345293e-06	-3.423685e-08	2.052486e-09
1.399271e-05	-8.500375e-07	4.695662e-06	-3.292647e-08	1.968977e-09
1.297837e-05	-7.591127e-07	4.918832e-06	-2.893036e-08	1.729526e-09
1.297966e-05	8.334855e-07	4.906651e-06	-2.884892e-08	1.725093e-09
1.392626e-05	8.338448e-07	4.719161e-06	-3.290426e-08	1.972260e-09
1.481921e-05	8.341917e-07	4.350333e-06	-3.424836e-08	2.055223e-09
1.561407e-05	7.903915e-07	3.831168e-06	-3.273647e-08	1.965539e-09
1.629757e-05	7.637330e-07	3.161520e-06	-2.850368e-08	1.711756e-09
1.685033e-05	7.457801e-07	2.349135e-06	-2.188681e-08	1.314251e-09
1.723130e-05	7.421768e-07	1.436647e-06	-1.354554e-08	8.124491e-10
1.741995e-05	7.463592e-07	4.868275e-07	-4.464442e-09	2.663969e-10
1.741609e-05	7.664958e-07	-4.945425e-07	4.885555e-09	-2.941781e-10
1.721918e-05	8.342310e-07	-1.425960e-06	1.377673e-08	-8.280231e-10
1.685032e-05	8.342288e-07	-2.319229e-06	2.180979e-08	-1.309760e-09
1.632564e-05	7.847545e-07	-3.122286e-06	2.844970e-08	-1.710448e-09
1.562781e-05	7.822692e-07	-3.821628e-06	3.288154e-08	-1.975441e-09
1.479445e-05	7.826093e-07	-4.372987e-06	3.431526e-08	-2.058139e-09
1.399120e-05	8.485131e-07	-4.696420e-06	3.293196e-08	-1.969831e-09
1.297458e-05	7.603239e-07	-4.919012e-06	2.891080e-08	-1.728401e-09
1.300874e-05	-7.928674e-07	-4.910452e-06	2.904812e-08	-1.737921e-09
1.202423e-05	-8.355356e-07	4.906682e-06	-2.289840e-08	1.363762e-09
1.153848e-05	-2.708314e-09	4.906677e-06	-2.038554e-08	1.211409e-09
1.201928e-05	8.329367e-07	4.906641e-06	-2.296903e-08	1.368941e-09
1.202419e-05	8.355749e-07	-4.906671e-06	2.289406e-08	-1.363388e-09
1.153841e-05	2.577569e-09	-4.906663e-06	2.042243e-08	-1.215069e-09
1.204737e-05	-7.756322e-07	-4.918691e-06	2.322853e-08	-1.385528e-09
1.430121e-05	-1.645243e-06	-4.364493e-06	3.087203e-08	-1.850962e-09
1.338091e-05	-1.621563e-06	-4.646992e-06	2.824068e-08	-1.691175e-09
1.375978e-05	-2.367910e-06	-4.219709e-06	2.550252e-08	-1.526261e-09
1.457733e-05	-2.363494e-06	-3.885693e-06	2.682890e-08	-1.607501e-09
1.515843e-05	-1.600105e-06	-3.920765e-06	3.098527e-08	-1.859846e-09
1.588828e-05	-1.600295e-06	-3.310383e-06	2.822147e-08	-1.696862e-09
1.647519e-05	-1.537069e-06	-2.614431e-06	2.338802e-08	-1.408135e-09
1.694284e-05	-1.425706e-06	-1.796801e-06	1.646812e-08	-9.906698e-10
1.723136e-05	-1.378936e-06	-8.442427e-07	7.845927e-09	-4.718281e-10
1.728061e-05	-1.461435e-06	9.974294e-08	-1.076586e-09	6.581698e-11
1.716392e-05	-1.476120e-06	1.033885e-06	-9.786593e-09	5.898844e-10
1.687141e-05	-1.468484e-06	1.932442e-06	-1.792756e-08	1.081132e-09
1.645165e-05	-1.302653e-06	2.772643e-06	-2.508676e-08	1.513077e-09
1.574718e-05	-1.365221e-06	3.548520e-06	-2.998584e-08	1.803403e-09
1.496361e-05	-1.550553e-06	4.065269e-06	-3.144968e-08	1.885969e-09
1.330314e-05	-1.534976e-06	4.690289e-06	-2.830199e-08	1.692891e-09
1.237622e-05	-1.594809e-06	4.737221e-06	-2.326523e-08	1.390047e-09
1.108766e-05	-8.323488e-07	4.723609e-06	-1.631072e-08	9.650235e-10
1.061293e-05	7.035539e-10	4.630222e-06	-1.368032e-08	8.070402e-10
1.108914e-05	8.333948e-07	4.723867e-06	-1.640016e-08	9.720118e-10
1.249606e-05	1.646486e-06	4.721130e-06	-2.361027e-08	1.409986e-09
1.344503e-05	1.575506e-06	4.650238e-06	-2.859905e-08	1.712269e-09
1.436589e-05	1.604256e-06	4.352565e-06	-3.111916e-08	1.866340e-09
1.519871e-05	1.585811e-06	3.898998e-06	-3.099220e-08	1.861233e-09
1.592072e-05	1.571973e-06	3.290528e-06	-2.813759e-08	1.691669e-09
1.651784e-05	1.498770e-06	2.571119e-06	-2.298370e-08	1.381712e-09
1.697151e-05	1.466403e-06	1.689759e-06	-1.562313e-08	9.394634e-10
1.719859e-05	1.537692e-06	7.475334e-07	-7.160908e-09	4.317116e-10
1.725426e-05	1.543596e-06	-1.195085e-07	1.232979e-09	-7.503731e-11
1.711876e-05	1.611772e-06	-1.034048e-06	9.499015e-09	-5.697384e-10
1.683707e-05	1.629149e-06	-1.880355e-06	1.719274e-08	-1.032915e-09
1.639389e-05	1.585320e-06	-2.706360e-06	2.395356e-08	-1.438013e-09
1.580632e-05	1.457401e-06	-3.456040e-06	2.931965e-08	-1.761533e-09
1.494829e-05	1.522803e-06	-4.084965e-06	3.147068e-08	-1.884269e-09
1.330233e-05	1.533927e-06	-4.690772e-06	2.829411e-08	-1.692415e-09
1.238158e-05	1.607398e-06	-4.733101e-06	2.324809e-08	-1.388699e-09
1.108764e-05	8.322846e-07	-4.723614e-06	1.634785e-08	-9.679825e-10
1.061284e-05	-7.468864e-10	-4.630188e-06	1.375145e-08	-8.128963e-10
1.109985e-05	-7.711654e-07	-4.737604e-06	1.655308e-08	-9.816124e-10
1.249676e-05	-1.588655e-06	-4.740903e-06	2.381773e-08	-1.423894e-09
1.287653e-05	-2.356358e-06	-4.393836e-06	2.215207e-08	-1.323697e-09
1.323122e-05	-3.064465e-06	-3.882573e-06	1.892146e-08	-1.126994e-09
1.403755e-05	-3.100132e-06	-3.609032e-06	2.093647e-08	-1.251351e-09
1.536893e-05	-2.310866e-06	-3.380698e-06	2.588002e-08	-1.552489e-09
1.604143e-05	-2.273208e-06	-2.700146e-06	2.238320e-08	-1.348326e-09
1.656652e-05	-2.111410e-06	-2.001345e-06	1.723567e-08	-1.037879e-09
1.695751e-05	-1.997734e-06	-1.067544e-06	9.713899e-09	-5.858596e-10
1.702775e-05	-2.119138e-06	-9.352526e-08	1.259240e-09	-7.891468e-11
1.695918e-05	-2.131306e-06	7.571135e-07	-6.574909e-09	3.952268e-10
1.239155e-05	-3.041809e-06	-3.966817e-06	1.545215e-08	-9.166675e-10
1.247739e-05	-3.643432e-06	-3.424163e-06	1.171679e-08	-6.898661e-10
1.335529e-05	-3.709199e-06	-3.241962e-06	1.439633e-08	-8.542995e-10
1.484406e-05	-3.019259e-06	-3.223271e-06	2.148088e-08	-1.286026e-09
1.557669e-05	-2.917771e-06	-2.649640e-06	1.965319e-08	-1.180458e-09
1.614487e-05	-2.793220e-06	-1.978087e-06	1.566479e-08	-9.430859e-10
1.658878e-05	-2.564650e-06	-1.305537e-06	1.110689e-08	-6.703682e-10
1.150462e-05	-1.662183e-06	4.609377e-06	-1.727283e-08	1.026512e-09
1.067240e-05	-1.625906e-06	4.360771e-06	-1.145041e-08	6.716629e-10
1.019097e-05	-7.911583e-07	4.363767e-06	-1.011409e-08	5.917962e-10
1.024677e-05	8.254683e-07	4.386519e-06	-1.034717e-08	6.055312e-10
1.070369e-05	1.644490e-06	4.366798e-06	-1.168437e-08	6.872714e-10
1.157142e-05	1.591175e-06	4.648214e-06	-1.774268e-08	1.053708e-09
1.299719e-05	2.343480e-06	4.388725e-06	-2.274164e-08	1.358188e-09
1.385248e-05	2.333488e-06	4.210182e-06	-2.599703e-08	1.555635e-09
1.473038e-05	2.322894e-06	3.824863e-06	-2.714896e-08	1.627852e-09
1.550606e-05	2.263913e-06	3.292162e-06	-2.578603e-08	1.549892e-09
1.614771e-05	2.204295e-06	2.614442e-06	-2.182377e-08	1.313231e-09
1.663221e-05	2.108313e-06	1.865441e-06	-1.665072e-08	1.004393e-09
1.688439e-05	2.177204e-06	1.018305e-06	-9.682794e-09	5.870672e-10
1.123621e-05	-2.413772e-06	4.192438e-06	-1.218035e-08	7.158997e-10
1.033315e-05	-2.371114e-06	3.831786e-06	-6.941276e-09	4.009085e-10
9.813426e-06	-1.557232e-06	3.918845e-06	-6.289180e-09	3.619758e-10
9.762386e-06	4.702705e-08	4.183690e-06	-7.920294e-09	4.609418e-10
9.893447e-06	1.635494e-06	3.940944e-06	-6.481474e-09	3.729318e-10
1.039381e-05	2.399608e-06	3.847839e-06	-7.083670e-09	4.094106e-10
1.119007e-05	2.372581e-06	4.201779e-06	-1.215938e-08	7.166564e-10
1.205097e-05	2.350892e-06	4.389953e-06	-1.766290e-08	1.050795e-09
1.346641e-05	3.071501e-06	3.825170e-06	-1.978783e-08	1.180529e-09
1.422883e-05	3.011421e-06	3.597568e-06	-2.174501e-08	1.299943e-09
1.507473e-05	2.913328e-06	3.143770e-06	-2.192013e-08	1.313386e-09
1.579805e-05	2.787463e-06	2.520503e-06	-1.927621e-08	1.156668e-09
1.634086e-05	2.700440e-06	1.719130e-06	-1.434647e-08	8.650988e-10
1.150448e-05	1.663201e-06	-4.608982e-06	1.726730e-08	-1.026180e-09
1.067234e-05	1.625819e-06	-4.360778e-06	1.146317e-08	-6.729035e-10
1.023151e-05	8.269640e-07	-4.378367e-06	1.027520e-08	-6.015066e-10
1.023841e-05	-7.961681e-07	-4.387635e-06	1.046300e-08	-6.146354e-10
1.068011e-05	-1.574733e-06	-4.382717e-06	1.175298e-08	-6.921842e-10
1.157590e-05	-1.540202e-06	-4.666243e-06	1.795224e-08	-1.066765e-09
1.203155e-05	-2.253126e-06	-4.438916e-06	1.784169e-08	-1.061216e-09
1.123586e-05	2.414592e-06	-4.191861e-06	1.219684e-08	-7.171218e-10
1.033144e-05	2.371511e-06	-3.830573e-06	6.933831e-09	-4.005592e-10
9.811393e-06	1.555292e-06	-3.918221e-06	6.277465e-09	-3.612594e-10
9.815813e-06	-3.040266e-08	-4.218319e-06	8.178373e-09	-4.763451e-10
9.910403e-06	-1.612184e-06	-3.961672e-06	6.652033e-09	-3.838947e-10
1.035264e-05	-2.363364e-06	-3.847511e-06	7.006558e-09	-4.051332e-10
1.158789e-05	-3.532447e-06	-3.419045e-06	8.688029e-09	-5.098933e-10
1.180615e-05	-4.108635e-06	-2.763638e-06	6.056031e-09	-3.510468e-10
1.274782e-05	-4.232264e-06	-2.650761e-06	8.472438e-09	-4.977007e-10
1.427173e-05	-3.662786e-06	-2.906023e-06	1.597953e-08	-9.527449e-10
1.507197e-05	-3.528075e-06	-2.436727e-06	1.562153e-08	-9.347842e-10
1.575135e-05	-3.344836e-06	-1.800225e-06	1.295690e-08	-7.784091e-10
1.627586e-05	-3.116291e-06	-1.015686e-06	8.365706e-09	-5.076319e-10
1.219644e-05	-2.351514e-06	4.402072e-06	-1.829528e-08	1.085749e-09
1.185232e-05	-3.055578e-06	3.904351e-06	-1.248637e-08	7.350518e-10
1.092442e-05	-3.109403e-06	3.584573e-06	-7.240107e-09	4.198791e-10
9.535975e-06	-2.226990e-06	3.354858e-06	-3.051275e-09	1.674562e-10
9.054213e-06	-1.414132e-06	3.335683e-06	-2.566996e-09	1.395052e-10
9.413904e-06	-7.520172e-07	3.861409e-06	-5.232741e-09	2.983395e-10
9.463957e-06	8.994777e-07	3.869546e-06	-5.402089e-09	3.089744e-10
9.650615e-06	2.392412e-06	3.340265e-06	-3.044052e-09	1.662300e-10
1.014334e-05	3.091065e-06	3.145072e-06	-3.363662e-09	1.873954e-10
1.094471e-05	3.099153e-06	3.602265e-06	-7.373708e-09	4.280768e-10
1.179652e-05	3.056953e-06	3.893605e-06	-1.226370e-08	7.236059e-10
1.262287e-05	2.999317e-06	3.998625e-06	-1.706558e-08	1.015752e-09
1.283323e-05	-2.974761e-06	4.004966e-06	-1.803315e-08	1.072504e-09
1.248717e-05	-3.624645e-06	3.444094e-06	-1.198144e-08	7.069011e-10
1.158117e-05	-3.693923e-06	3.242020e-06	-7.357083e-09	4.270411e-10
1.009093e-05	-2.997352e-06	3.195666e-06	-3.331392e-09	1.844219e-10
8.822255e-06	-2.034581e-06	2.708260e-06	-6.031197e-10	2.284094e-11
8.423274e-06	-1.206333e-06	2.631553e-06	-4.183979e-10	1.279616e-11
8.708177e-06	-5.976408e-07	3.203889e-06	-1.929838e-09	1.018949e-10
9.070483e-06	1.016532e-07	3.637043e-06	-3.799583e-09	2.132468e-10
9.163204e-06	1.739532e-06	3.292388e-06	-2.578126e-09	1.405566e-10
9.405840e-06	2.932006e-06	2.613334e-06	-6.189613e-10	2.232983e-11
1.000321e-05	3.630835e-06	2.362849e-06	-1.058461e-09	5.115218e-11
1.085222e-05	3.705545e-06	2.924677e-06	-3.944671e-09	2.219348e-10
1.173205e-05	3.670366e-06	3.307366e-06	-8.226331e-09	4.797379e-10
1.267246e-05	3.583878e-06	3.482251e-06	-1.325447e-08	7.857966e-10
1.354331e-05	3.711393e-06	3.183877e-06	-1.462029e-08	8.663066e-10
1.441806e-05	3.565371e-06	2.934141e-06	-1.674775e-08	9.977081e-10
1.531945e-05	3.364623e-06	2.393741e-06	-1.594687e-08	9.512209e-10
1.590183e-05	3.305328e-06	1.581883e-06	-1.177469e-08	7.062293e-10
1.219688e-05	2.351257e-06	-4.402239e-06	1.823275e-08	-1.080548e-09
1.185905e-05	3.099506e-06	-3.870690e-06	1.230800e-08	-7.244272e-10
1.095515e-05	3.087842e-06	-3.616445e-06	7.343774e-09	-4.249305e-10
9.518619e-06	2.257000e-06	-3.319235e-06	2.969356e-09	-1.632734e-10
9.078400e-06	1.492240e-06	-3.326541e-06	2.536925e-09	-1.376213e-10
9.435360e-06	7.516224e-07	-3.878536e-06	5.366845e-09	-3.064815e-10
9.528677e-06	-8.884872e-07	-3.921967e-06	5.713092e-09	-3.276506e-10
9.658358e-06	-2.379123e-06	-3.356314e-06	3.126237e-09	-1.713169e-10
1.010528e-05	-3.092825e-06	-3.114440e-06	3.279326e-09	-1.830859e-10
1.084641e-05	-3.050016e-06	-3.600422e-06	7.176513e-09	-4.172309e-10
1.279692e-05	3.027092e-06	-3.968445e-06	1.764264e-08	-1.048748e-09
1.250475e-05	3.667056e-06	-3.398923e-06	1.170152e-08	-6.892401e-10
1.155751e-05	3.730290e-06	-3.193220e-06	7.152722e-09	-4.155418e-10
1.007715e-05	2.968210e-06	-3.212400e-06	3.367396e-09	-1.866343e-10
8.823176e-06	2.079642e-06	-2.675081e-06	5.165544e-10	-1.767523e-11
8.417820e-06	1.264122e-06	-2.595726e-06	4.101885e-10	-1.286883e-11
8.752608e-06	6.989536e-07	-3.235509e-06	2.024598e-09	-1.073425e-10
9.107593e-06	-9.084692e-08	-3.671964e-06	4.052636e-09	-2.290536e-10
9.214989e-06	-1.716579e-06	-3.355900e-06	2.801699e-09	-1.536488e-10
9.406018e-06	-2.932857e-06	-2.612590e-06	6.775103e-10	-2.634319e-11
1.004284e-05	-3.657220e-06	-2.363703e-06	1.132463e-09	-5.568335e-11
1.085248e-05	-3.706140e-06	-2.924076e-06	4.071348e-09	-2.303325e-10
1.201236e-05	-4.516512e-06	-2.088858e-06	3.953565e-09	-2.254428e-10
1.302815e-05	-4.629887e-06	-1.812514e-06	5.705885e-09	-3.354247e-10
1.364495e-05	-4.181558e-06	-2.490718e-06	1.050237e-08	-6.210633e-10
1.452367e-05	-4.076481e-06	-2.070522e-06	1.117472e-08	-6.677542e-10
1.527581e-05	-3.856398e-06	-1.556627e-06	9.746004e-09	-5.837246e-10
1.587480e-05	-3.578521e-06	-8.971569e-07	6.129294e-09	-3.667090e-10
1.311895e-05	-2.265553e-06	4.414088e-06	-2.393663e-08	1.431363e-09
1.374157e-05	-2.672322e-06	4.039456e-06	-2.334428e-08	1.392435e-09
1.343551e-05	-3.446867e-06	3.499134e-06	-1.673101e-08	9.943640e-10
1.217779e-05	-4.194697e-06	2.701980e-06	-6.856554e-09	4.003076e-10
1.128867e-05	-4.183977e-06	2.454998e-06	-3.491282e-09	1.971185e-10
1.069756e-05	-3.664071e-06	2.885449e-06	-3.489351e-09	1.949725e-10
9.312603e-06	-2.788654e-06	2.657802e-06	-7.945269e-10	3.399266e-11
8.250931e-06	-1.776360e-06	1.946782e-06	4.607091e-10	-3.750103e-11
7.944537e-06	-9.436526e-07	1.832288e-06	3.904019e-10	-3.197940e-11
8.150078e-06	-3.465079e-07	2.440924e-06	-2.175044e-10	2.326580e-12
8.486305e-06	3.006422e-07	2.966457e-06	-1.194706e-09	5.859619e-11
8.863470e-06	9.530949e-07	3.296553e-06	-2.382947e-09	1.293183e-10
1.409102e-05	-1.757540e-06	4.402238e-06	-2.984516e-08	1.785867e-09
1.456567e-05	-2.371208e-06	3.887205e-06	-2.668249e-08	1.597837e-09
1.432262e-05	-3.197469e-06	3.384410e-06	-2.029276e-08	1.211589e-09
1.305905e-05	-4.049892e-06	2.878512e-06	-1.073452e-08	6.345337e-10
1.188626e-05	-4.584067e-06	1.899909e-06	-3.270511e-09	1.869120e-10
1.104059e-05	-4.513817e-06	1.579742e-06	-1.130995e-09	5.833299e-11
1.044705e-05	-4.077166e-06	2.040128e-06	-1.078046e-09	5.348974e-11
9.879220e-06	-3.493521e-06	2.434507e-06	-9.627916e-10	4.473356e-11
8.634442e-06	-2.521882e-06	1.922907e-06	3.937034e-10	-3.327938e-11
7.907437e-06	-1.592514e-06	1.171439e-06	6.026128e-10	-4.234582e-11
7.655382e-06	-6.758593e-07	1.035804e-06	4.875966e-10	-3.444647e-11
7.789674e-06	-6.995686e-10	1.677149e-06	4.110974e-10	-3.235413e-11
8.107727e-06	6.604427e-07	2.296030e-06	1.340046e-10	-1.927993e-11
8.501893e-06	1.371747e-06	2.670852e-06	-6.823136e-10	2.965153e-11
8.849851e-06	2.246688e-06	2.574646e-06	-5.397244e-10	2.060576e-11
9.233154e-06	3.352846e-06	1.756741e-06	4.471554e-10	-3.705713e-11
1.001121e-05	4.054727e-06	1.537897e-06	-5.367178e-11	-5.724089e-12
1.077418e-05	4.189692e-06	2.113774e-06	-1.678808e-09	8.918164e-11
1.157103e-05	4.170835e-06	2.596371e-06	-4.654389e-09	2.671394e-10
1.250109e-05	4.072024e-06	2.901485e-06	-8.944235e-09	5.266996e-10
1.324507e-05	4.279539e-06	2.475968e-06	-8.844404e-09	5.186034e-10
1.408070e-05	4.132602e-06	2.328729e-06	-1.107317e-08	6.559137e-10
1.109103e-05	-2.246904e-06	-4.238658e-06	1.210166e-08	-7.141000e-10
1.502442e-05	-2.931086e-06	3.167973e-06	-2.204040e-08	1.323912e-09
1.480197e-05	-3.602209e-06	2.593265e-06	-1.612795e-08	9.677196e-10
1.397034e-05	-3.871616e-06	2.801552e-06	-1.401671e-08	8.347310e-10
1.277024e-05	-4.539794e-06	2.077798e-06	-6.032065e-09	3.544303e-10
1.162043e-05	-4.816251e-06	1.014929e-06	-1.168285e-09	6.468015e-11
1.071085e-05	-4.635284e-06	5.595245e-07	-2.528177e-10	1.252906e-11
1.021946e-05	-4.305484e-06	1.123359e-06	-6.891186e-11	-2.332756e-12
9.645882e-06	-3.788887e-06	1.580616e-06	1.916080e-10	-2.061518e-11
9.166059e-06	-3.194164e-06	1.918894e-06	1.835817e-10	-2.087638e-11
1.315203e-05	2.282881e-06	-4.400376e-06	2.389569e-08	-1.426889e-09
1.373894e-05	2.699210e-06	-4.022351e-06	2.313088e-08	-1.379614e-09
1.346297e-05	3.481662e-06	-3.456981e-06	1.649884e-08	-9.793997e-10
1.220447e-05	4.219653e-06	-2.665932e-06	6.645986e-09	-3.864884e-10
1.134648e-05	4.240139e-06	-2.385502e-06	3.450486e-09	-1.948591e-10
1.071465e-05	3.656273e-06	-2.905891e-06	3.577167e-09	-2.000248e-10
9.275120e-06	2.785667e-06	-2.615379e-06	7.224426e-10	-3.023746e-11
8.268992e-06	1.843268e-06	-1.923781e-06	-5.710155e-10	4.454247e-11
7.936682e-06	1.000534e-06	-1.781869e-06	-3.699597e-10	3.017120e-11
8.181130e-06	3.812631e-07	-2.490381e-06	1.888973e-10	2.192810e-13
8.539795e-06	-1.605370e-07	-3.048115e-06	1.343009e-09	-6.692009e-11
8.922931e-06	-9.092997e-07	-3.373092e-06	2.432937e-09	-1.305896e-10
1.408791e-05	1.755191e-06	-4.404299e-06	2.984377e-08	-1.785797e-09
1.448616e-05	2.406840e-06	-3.906697e-06	2.650275e-08	-1.586529e-09
1.436825e-05	3.191905e-06	-3.364729e-06	2.036551e-08	-1.215588e-09
1.307914e-05	4.121400e-06	-2.771040e-06	1.020237e-08	-6.012903e-10
1.203581e-05	4.648926e-06	-1.781015e-06	3.255642e-09	-1.859821e-10
1.107804e-05	4.555704e-06	-1.491174e-06	1.297995e-09	-7.044591e-11
1.049654e-05	4.080100e-06	-2.083013e-06	1.229759e-09	-6.260131e-11
9.900599e-06	3.458618e-06	-2.506208e-06	1.072116e-09	-5.078076e-11
8.657987e-06	2.612790e-06	-1.847232e-06	-4.757412e-10	3.798949e-11
7.946333e-06	1.760471e-06	-1.079287e-06	-5.558925e-10	3.870945e-11
7.667903e-06	7.697397e-07	-1.028757e-06	-5.179114e-10	3.639625e-11
7.779986e-06	1.581478e-07	-1.642090e-06	-4.453438e-10	3.446851e-11
8.052844e-06	-4.316190e-07	-2.244216e-06	-8.907683e-11	1.572348e-11
8.607316e-06	-1.633652e-06	-2.679215e-06	5.558942e-10	-2.088688e-11
8.912200e-06	-2.314504e-06	-2.602070e-06	5.822182e-10	-2.289425e-11
9.357183e-06	-3.474297e-06	-1.746986e-06	-3.872601e-10	3.360445e-11
1.013782e-05	-4.127220e-06	-1.544714e-06	2.738851e-10	-8.119054e-12
1.091791e-05	-4.193552e-06	-2.216104e-06	2.176216e-09	-1.185594e-10
1.227537e-05	-4.845306e-06	-1.213486e-06	2.465370e-09	-1.427145e-10
1.335723e-05	-4.820103e-06	-1.015762e-06	3.240392e-09	-1.901215e-10
1.393808e-05	-4.491735e-06	-1.660199e-06	6.932091e-09	-4.102667e-10
1.475928e-05	-4.284623e-06	-1.240034e-06	6.509605e-09	-3.881233e-10
1.542812e-05	-4.010221e-06	-5.867097e-07	3.653764e-09	-2.187405e-10
1.631655e-05	-3.227290e-06	-1.361728e-07	1.147724e-09	-6.971235e-11
1.671764e-05	-2.646450e-06	-4.558762e-07	4.213303e-09	-2.568405e-10
1.662751e-05	-2.797513e-06	3.709296e-07	-2.963129e-09	1.780580e-10
1.672748e-05	-2.101065e-06	1.647400e-06	-1.421790e-08	8.554741e-10
8.646952e-06	2.639900e-06	1.784644e-06	4.428371e-10	-3.534201e-11
9.205565e-06	3.640753e-06	9.442554e-07	5.589100e-10	-3.953494e-11
9.948382e-06	4.244575e-06	6.876265e-07	1.791900e-10	-1.498770e-11
1.079319e-05	4.535742e-06	1.230388e-06	-5.575261e-10	2.626923e-11
1.152418e-05	4.579103e-06	1.754876e-06	-2.306026e-09	1.295159e-10
1.234733e-05	4.492979e-06	2.188569e-06	-5.218411e-09	3.035693e-10
1.388524e-05	4.558695e-06	1.516383e-06	-6.364303e-09	3.769497e-10
1.463491e-05	4.331951e-06	1.294743e-06	-7.067216e-09	4.227762e-10
1.537101e-05	3.858484e-06	1.367269e-06	-8.921788e-09	5.339490e-10
1.590287e-05	3.609828e-06	6.241963e-07	-4.717812e-09	2.843551e-10
1.644816e-05	2.921458e-06	9.365274e-07	-7.369111e-09	4.409547e-10
1.517395e-05	4.201949e-06	4.400406e-07	-2.904906e-09	1.752251e-10
1.572366e-05	3.816194e-06	-2.114102e-07	1.284561e-09	-7.537217e-11
1.646059e-05	3.048533e-06	1.419721e-07	-5.762709e-10	3.021141e-11
1.692503e-05	2.320161e-06	1.897059e-07	-2.211607e-09	1.367452e-10
1.684261e-05	2.389012e-06	-6.590800e-07	5.165275e-09	-3.055136e-10
1.579430e-05	2.287362e-06	-2.985897e-06	2.395745e-08	-1.438231e-09
1.525803e-05	2.119280e-06	-3.591928e-06	2.772219e-08	-1.665303e-09
8.809781e-06	-2.851500e-06	-1.803118e-06	-5.394444e-10	4.231490e-11
9.402608e-06	-3.814469e-06	-9.251961e-07	-2.850864e-10	2.187193e-11
1.026389e-05	-4.408863e-06	-7.494956e-07	-7.118498e-11	9.082755e-12
1.122075e-05	-4.611403e-06	-1.448611e-06	1.009303e-09	-5.032194e-11
1.273329e-05	-4.979431e-06	-3.883922e-07	7.697013e-10	-4.345070e-11
1.368445e-05	-4.856548e-06	-1.050364e-07	4.570520e-10	-2.774532e-11
1.419612e-05	-4.634828e-06	-8.009779e-07	3.259686e-09	-1.918632e-10
1.491386e-05	-4.365288e-06	-3.428429e-07	2.080610e-09	-1.261455e-10
1.584027e-05	-3.718550e-06	1.222675e-07	-9.723867e-10	5.936488e-11
1.654938e-05	-2.719832e-06	1.097739e-06	-9.567995e-09	5.807181e-10
1.636212e-05	-2.034302e-06	2.438373e-06	-2.100231e-08	1.267520e-09
1.511652e-05	2.843452e-06	-3.173104e-06	2.255127e-08	-1.352712e-09
1.491722e-05	3.499216e-06	-2.629174e-06	1.657008e-08	-9.896777e-10
1.397166e-05	3.870727e-06	-2.802086e-06	1.381780e-08	-8.198214e-10
1.281575e-05	4.588357e-06	-1.961448e-06	5.781453e-09	-3.386258e-10
1.181876e-05	4.843445e-06	-1.037763e-06	1.170486e-09	-6.281738e-11
1.087171e-05	4.688502e-06	-6.054916e-07	2.598822e-10	-1.216683e-11
1.025632e-05	4.310272e-06	-1.177903e-06	1.191048e-10	-4.374142e-13
9.799828e-06	3.816068e-06	-1.773894e-06	-6.097777e-11	1.435238e-11
9.200794e-06	3.272921e-06	-1.844784e-06	-4.083231e-10	3.515344e-11
1.179308e-05	-4.914487e-06	-5.899783e-07	5.859983e-10	-3.105657e-11
1.233267e-05	-4.981021e-06	4.017844e-07	-5.601768e-10	3.036767e-11
1.318586e-05	-4.920557e-06	5.636593e-07	-1.588672e-09	9.262416e-11
1.448683e-05	-4.586175e-06	1.396209e-07	-8.237474e-10	5.038670e-11
1.149230e-05	-4.893179e-06	2.033373e-07	-1.443424e-10	7.160177e-12
1.001596e-05	-4.333463e-06	2.250318e-07	1.492075e-10	-1.091227e-11
9.392273e-06	-3.840790e-06	7.683559e-07	3.864485e-10	-2.802367e-11
8.830523e-06	-3.188259e-06	1.170446e-06	4.638589e-10	-3.366421e-11
8.294457e-06	-2.474616e-06	1.090727e-06	6.872650e-10	-4.760143e-11
7.647111e-06	-1.176249e-06	2.567074e-07	9.054301e-11	-6.400466e-12
7.511188e-06	-3.051772e-07	1.364690e-07	7.723527e-11	-5.342965e-12
7.574789e-06	2.275420e-07	8.309803e-07	3.723318e-10	-2.624358e-11
7.824783e-06	9.464728e-07	1.498846e-06	5.325752e-10	-3.919189e-11
8.249795e-06	1.730987e-06	1.984802e-06	3.521766e-10	-3.060384e-11
8.484730e-06	2.856946e-06	8.458523e-07	4.567526e-10	-3.159420e-11
9.361467e-06	3.892209e-06	-1.786080e-08	5.526893e-11	-3.524732e-12
1.012334e-05	4.393671e-06	-2.171663e-07	3.774904e-11	-1.364458e-12
1.083298e-05	4.700851e-06	3.507543e-07	-8.841497e-11	3.066774e-12
1.159435e-05	4.840375e-06	8.663540e-07	-9.444177e-10	5.198714e-11
1.236109e-05	4.812354e-06	1.349799e-06	-2.688948e-09	1.543761e-10
1.310999e-05	4.672455e-06	1.672148e-06	-5.214772e-09	3.058212e-10
1.092595e-05	-4.722608e-06	-4.683250e-07	-5.188641e-11	7.405510e-12
9.314600e-06	-3.852169e-06	-1.184221e-07	6.508242e-11	-3.962309e-12
8.739487e-06	-3.284545e-06	2.651494e-07	3.313474e-11	-2.603941e-12
8.276245e-06	-2.675245e-06	5.433363e-08	1.731436e-10	-1.147446e-11
7.925697e-06	-1.975516e-06	4.160446e-07	2.276099e-10	-1.562602e-11
1.528440e-05	-2.172065e-06	3.539664e-06	-2.726695e-08	1.640462e-09
1.550513e-05	-3.168328e-06	2.435348e-06	-1.730064e-08	1.039376e-09
1.464872e-05	-4.051467e-06	1.992137e-06	-1.076574e-08	6.409988e-10
1.363018e-05	-4.317756e-06	2.253813e-06	-9.038135e-09	5.340097e-10
1.246658e-05	-4.836854e-06	1.266382e-06	-2.682445e-09	1.550448e-10
1.402414e-05	-4.703648e-06	7.434387e-07	-3.167269e-09	1.887921e-10
1.605625e-05	-3.419167e-06	8.138888e-07	-5.628414e-09	3.347758e-10
1.624537e-05	-2.634114e-06	2.008388e-06	-1.644872e-08	9.910969e-10
1.594225e-05	-1.899773e-06	3.088974e-06	-2.597517e-08	1.566701e-09
1.570692e-05	-2.605019e-06	2.815947e-06	-2.202637e-08	1.327659e-09
1.603944e-05	-3.172229e-06	1.552205e-06	-1.188127e-08	7.151396e-10
1.522323e-05	-4.168776e-06	4.531001e-07	-2.130692e-09	1.230449e-10
1.474654e-05	-4.323530e-06	1.122555e-06	-5.645731e-09	3.345087e-10
1.399585e-05	-4.505866e-06	1.568312e-06	-6.741124e-09	4.001131e-10
1.325746e-05	-4.737726e-06	1.407200e-06	-4.630750e-09	2.738913e-10
7.629458e-06	-9.696354e-07	-5.810635e-07	-3.165231e-10	2.191749e-11
7.550937e-06	-6.107919e-08	-7.092543e-07	-2.427105e-10	1.738427e-11
7.539168e-06	6.148078e-07	-1.102837e-07	-9.940007e-11	6.696336e-12
7.679635e-06	1.153813e-06	6.578732e-07	4.244366e-10	-2.913970e-11
8.065183e-06	1.975176e-06	1.196278e-06	5.506779e-10	-3.889474e-11
8.741849e-06	3.297743e-06	3.446027e-08	1.477182e-10	-9.729607e-12
9.554213e-06	3.939572e-06	-8.956039e-07	-1.699004e-10	1.453893e-11
8.888151e-06	3.321567e-06	-9.600735e-07	-5.419150e-10	3.798176e-11
8.367699e-06	2.636896e-06	-9.853277e-07	-5.427997e-10	3.759005e-11
7.746866e-06	1.500156e-06	-3.965538e-07	-3.922535e-10	2.637408e-11
1.426759e-05	4.643979e-06	5.559491e-07	-2.547787e-09	1.512113e-10
1.470387e-05	4.479136e-06	-2.833619e-07	1.607535e-09	-9.644252e-11
1.543507e-05	3.935562e-06	-9.469561e-07	6.007680e-09	-3.567738e-10
1.631981e-05	3.144305e-06	-7.227892e-07	5.861053e-09	-3.517260e-10
1.568119e-05	3.055200e-06	-2.354952e-06	1.751524e-08	-1.048065e-09
1.525004e-05	3.786284e-06	-1.761068e-06	1.128261e-08	-6.730527e-10
1.448293e-05	4.073474e-06	-2.115372e-06	1.108152e-08	-6.574752e-10
1.367074e-05	4.463873e-06	-1.924372e-06	7.520051e-09	-4.417894e-10
1.302088e-05	4.860811e-06	-1.049378e-06	3.131192e-09	-1.837848e-10
1.159542e-05	4.917333e-06	-3.978534e-08	7.649718e-11	-4.593680e-12
1.248498e-05	4.975369e-06	4.954562e-07	-8.463462e-10	4.720267e-11
1.339143e-05	4.853174e-06	8.074982e-07	-2.787593e-09	1.648701e-10
8.712061e-06	-3.181757e-06	-7.265928e-07	-3.398292e-10	2.383074e-11
7.890373e-06	-1.889193e-06	-4.269492e-07	-3.205000e-10	2.177884e-11
7.746305e-06	-6.693463e-07	-1.397984e-06	-4.703124e-10	3.478370e-11
8.083933e-06	-1.293789e-06	-1.955623e-06	-2.388471e-10	2.286802e-11
1.539376e-05	-3.901622e-06	1.184685e-06	-7.468741e-09	4.471420e-10
1.453200e-05	4.405815e-06	-1.208219e-06	6.449328e-09	-3.853909e-10
1.248614e-05	4.988886e-06	-3.328970e-07	7.214409e-10	-4.178314e-11
1.354310e-05	4.889057e-06	-9.519084e-08	3.424291e-10	-2.020443e-11
1.388050e-05	4.719441e-06	-9.061409e-07	3.552847e-09	-2.088709e-10
1.605351e-05	3.185067e-06	-1.492615e-06	1.158757e-08	-6.936238e-10
1.662183e-05	2.413054e-06	-1.479096e-06	1.216458e-08	-7.258844e-10
1.627204e-05	2.402567e-06	-2.235925e-06	1.840945e-08	-1.102566e-09
8.292533e-06	-2.500028e-06	-1.023269e-06	-5.964280e-10	4.137890e-11
7.912671e-06	-1.573555e-06	-1.216693e-06	-5.505937e-10	3.915722e-11
8.349726e-06	-2.085341e-06	-1.851102e-06	-4.217355e-10	3.422712e-11
8.188976e-06	2.528115e-06	-1.539912e-07	-1.103348e-11	9.284869e-13
7.937223e-06	2.010230e-06	3.742115e-07	1.710455e-10	-1.182937e-11
1.158615e-05	-2.853863e-06	-4.002542e-06	1.213434e-08	-7.152699e-10
8.410087e-06	-9.146543e-07	-2.726906e-06	5.770176e-10	-2.198444e-11
1.482441e-05	3.886143e-06	2.120140e-06	-1.224392e-08	7.282409e-10
1.539994e-05	-3.617883e-06	1.871169e-06	-1.266966e-08	7.610376e-10
